13 0.15625 0.06484375 0.125 0.1296875
13 0.27265625 0.14140625 0.2171875 0.26953125
13 0.0984375 0.2890625 0.13515625 0.1984375
13 0.08125 0.5203125 0.1625 0.3765625
13 0.07890625 0.81875 0.1578125 0.353125
13 0.31015625 0.803125 0.3328125 0.33984375
13 0.2640625 0.378125 0.35234375 0.42265625
13 0.4078125 0.09375 0.2125 0.1875
13 0.57890625 0.0984375 0.1453125 0.19609375
13 0.80859375 0.0828125 0.2046875 0.165625
13 0.89375 0.38359375 0.2125 0.2921875
13 0.60703125 0.6921875 0.2609375 0.42890625
13 0.91875 0.84765625 0.1625 0.290625