13 0.10703125 0.08203125 0.2140625 0.1640625
13 0.11484375 0.47265625 0.22734375 0.36484375
13 0.05 0.77421875 0.1 0.28515625
13 0.22890625 0.87578125 0.2203125 0.2484375
13 0.528125 0.84453125 0.215625 0.2171875
13 0.5671875 0.615625 0.2 0.23515625
13 0.26953125 0.6046875 0.1890625 0.23359375
13 0.3921875 0.49453125 0.17265625 0.3046875
13 0.48515625 0.31953125 0.16171875 0.36328125
13 0.340625 0.26015625 0.17578125 0.26171875
13 0.68671875 0.87734375 0.2140625 0.2453125
13 0.81875 0.94921875 0.128125 0.1015625
13 0.85078125 0.76484375 0.1078125 0.190625
13 0.940625 0.67421875 0.11875 0.23515625
13 0.9375 0.9125 0.125 0.17421875