13 0.10859375 0.07421875 0.2046875 0.1484375
13 0.12421875 0.17109375 0.19609375 0.13359375
13 0.26328125 0.1921875 0.11796875 0.17109375
13 0.05 0.4421875 0.1 0.1921875
13 0.1484375 0.50859375 0.13515625 0.1921875
13 0.2140625 0.62109375 0.17890625 0.18359375
13 0.1453125 0.81875 0.290625 0.23125
13 0.4546875 0.6609375 0.13515625 0.2171875
13 0.5328125 0.89765625 0.159375 0.18125
13 0.72421875 0.50234375 0.1609375 0.29921875
13 0.74375 0.80234375 0.2 0.2828125
13 0.47421875 0.2921875 0.1390625 0.3046875
13 0.578125 0.13984375 0.10625 0.2203125
13 0.68046875 0.26484375 0.15703125 0.2
13 0.61328125 0.046875 0.1265625 0.09375
13 0.3890625 0.03125 0.24375 0.0625