13 0.4453125 0.1046875 0.2265625 0.209375
13 0.5140625 0.1421875 0.03515625 0.00078125
13 0.15078125 0.0484375 0.1140625 0.096875
13 0.12421875 0.48671875 0.2484375 0.36328125
13 0.68828125 0.08828125 0.1265625 0.1765625
13 0.8671875 0.09375 0.178125 0.16953125
13 0.8953125 0.253125 0.209375 0.2671875
13 0.8875 0.82421875 0.225 0.3515625
13 0.61640625 0.6921875 0.28671875 0.3421875
13 0.34609375 0.7265625 0.3078125 0.54375
13 0.5890625 0.3765625 0.2125 0.35625
13 0.36484375 0.34453125 0.21328125 0.29296875
13 0.0609375 0.7921875 0.121875 0.2625