13 0.0671875 0.24453125 0.13359375 0.17109375
13 0.0890625 0.371875 0.178125 0.1875
13 0.12109375 0.55625 0.2421875 0.21640625
13 0.22109375 0.79453125 0.2234375 0.3171875
13 0.153125 0.096875 0.11875 0.1890625
13 0.29296875 0.10859375 0.1984375 0.2171875
13 0.5109375 0.09375 0.23125 0.1875
13 0.74375 0.0875 0.221875 0.175
13 0.89921875 0.16484375 0.2015625 0.32890625
13 0.95546875 0.478125 0.0890625 0.25078125
13 0.8109375 0.66015625 0.18359375 0.215625
13 0.38359375 0.6125 0.25234375 0.24140625
13 0.61640625 0.77265625 0.2578125 0.2484375
13 0.4109375 0.91484375 0.23359375 0.1703125
13 0.2953125 0.30625 0.20390625 0.33671875
13 0.5234375 0.2578125 0.19765625 0.3109375
13 0.6 0.48125 0.221875 0.24453125
13 0.7 0.26328125 0.15546875 0.2671875