13 0.2 0.0875 0.2125 0.175
13 0.346875 0.03671875 0.128125 0.07265625
13 0.534375 0.0515625 0.1609375 0.10234375
13 0.70546875 0.2140625 0.1484375 0.21875
13 0.846875 0.371875 0.20078125 0.22578125
13 0.85390625 0.65078125 0.1703125 0.15859375
13 0.13125 0.665625 0.225 0.28828125
13 0.359375 0.78359375 0.29921875 0.2921875
13 0.63203125 0.6828125 0.3140625 0.31796875
13 0.42734375 0.42734375 0.35234375 0.3078125
13 0.1671875 0.33984375 0.21015625 0.2125
13 0.4984375 0.18203125 0.28359375 0.20859375
13 0.65234375 0.39140625 0.1796875 0.2234375