13 0.3796875 0.08125 0.2703125 0.1625
13 0.0765625 0.69453125 0.153125 0.2921875
13 0.18828125 0.76171875 0.1609375 0.26875
13 0.271875 0.6546875 0.11328125 0.27109375
13 0.3109375 0.775 0.09765625 0.1328125
13 0.47578125 0.86484375 0.2484375 0.2578125
13 0.90078125 0.6859375 0.1203125 0.175
13 0.41171875 0.409375 0.3234375 0.21015625
13 0.6109375 0.64296875 0.17109375 0.26015625
13 0.73828125 0.38046875 0.31796875 0.37265625
13 0.3921875 0.21484375 0.33125 0.1625
13 0.60390625 0.14765625 0.2140625 0.17421875
13 0.61953125 0.05390625 0.1890625 0.1078125