13 0.05390625 0.09453125 0.1078125 0.1390625
13 0.20859375 0.0890625 0.2578125 0.17734375
13 0.23203125 0.2046875 0.30859375 0.159375
13 0.14765625 0.4578125 0.2953125 0.34375
13 0.4765625 0.68984375 0.4640625 0.31640625
13 0.78046875 0.934375 0.30546875 0.13046875
13 0.8453125 0.759375 0.309375 0.240625
13 0.87578125 0.28671875 0.2078125 0.20234375
13 0.91640625 0.5265625 0.16640625 0.19375
13 0.88203125 0.11640625 0.2359375 0.20703125
13 0.5859375 0.11640625 0.36640625 0.20703125
13 0.5734375 0.3390625 0.34140625 0.18515625
13 0.584375 0.46171875 0.2796875 0.146875