13 0.2328125 0.1640625 0.1625 0.2109375
13 0.4140625 0.165625 0.171875 0.32578125
13 0.21328125 0.409375 0.2515625 0.2046875
13 0.15078125 0.60234375 0.16796875 0.21171875
13 0.1671875 0.84140625 0.26875 0.3171875
13 0.41328125 0.76171875 0.2265625 0.3640625
13 0.425 0.4078125 0.14296875 0.22734375
13 0.5671875 0.28515625 0.178125 0.23203125
13 0.64765625 0.4265625 0.18671875 0.24375
13 0.64609375 0.61015625 0.18984375 0.21953125
13 0.7671875 0.6140625 0.103125 0.1515625
13 0.80078125 0.48359375 0.1109375 0.175
13 0.915625 0.425 0.16875 0.21640625