13 0.19375 0.17421875 0.19453125 0.22734375
13 0.1765625 0.33671875 0.12734375 0.13046875
13 0.3125 0.35078125 0.10703125 0.25859375
13 0.2171875 0.54140625 0.225 0.1828125
13 0.20546875 0.90859375 0.2015625 0.1828125
13 0.4546875 0.39296875 0.22109375 0.24375
13 0.44765625 0.634375 0.1578125 0.19765625
13 0.640625 0.6796875 0.23125 0.2671875
13 0.590625 0.440625 0.18125 0.21796875
13 0.8640625 0.46171875 0.24375 0.36875
13 0.88828125 0.76328125 0.2234375 0.21328125
13 0.80546875 0.93203125 0.1484375 0.1359375