13 0.24453125 0.178125 0.2609375 0.28046875
13 0.1046875 0.41015625 0.20859375 0.1859375
13 0.2359375 0.65390625 0.1375 0.18203125
13 0.08203125 0.79375 0.1640625 0.16171875
13 0.1109375 0.93828125 0.175 0.1
13 0.496875 0.7265625 0.18671875 0.20625
13 0.321875 0.74765625 0.19375 0.1984375
13 0.5109375 0.55 0.14765625 0.25703125
13 0.63671875 0.48203125 0.1796875 0.19609375
13 0.80546875 0.3859375 0.22109375 0.3171875
13 0.59765625 0.2015625 0.1203125 0.31015625
13 0.50703125 0.328125 0.1265625 0.26328125
13 0.325 0.40390625 0.215625 0.20234375