13 0.1421875 0.1609375 0.23984375 0.1375
13 0.18984375 0.034375 0.26875 0.06796875
13 0.50234375 0.0703125 0.2734375 0.140625
13 0.790625 0.05390625 0.1921875 0.1078125
13 0.90078125 0.2078125 0.1984375 0.24375
13 0.421875 0.2375 0.221875 0.15390625
13 0.60703125 0.29609375 0.2359375 0.24140625
13 0.2015625 0.365625 0.3203125 0.171875
13 0.2046875 0.48359375 0.3203125 0.1625
13 0.20234375 0.68046875 0.37734375 0.28515625
13 0.59921875 0.7234375 0.2375 0.25
13 0.8828125 0.88359375 0.234375 0.2296875
13 0.5421875 0.52890625 0.25703125 0.23203125