13 0.1 0.0859375 0.16796875 0.171875
13 0.29609375 0.07734375 0.19609375 0.1546875
13 0.278125 0.3078125 0.29140625 0.1578125
13 0.7390625 0.8375 0.1734375 0.20625
13 0.503125 0.48984375 0.15546875 0.17109375
13 0.6828125 0.5359375 0.14375 0.19140625
13 0.8203125 0.5640625 0.18203125 0.1734375
13 0.57734375 0.203125 0.21796875 0.2828125
13 0.73671875 0.12734375 0.10546875 0.2546875
13 0.83984375 0.23125 0.22109375 0.19296875
13 0.3421875 0.696875 0.4109375 0.2328125
13 0.4734375 0.9453125 0.221875 0.109375
13 0.08515625 0.45625 0.11171875 0.1796875