13 0.1296875 0.3734375 0.228125 0.41640625
13 0.35703125 0.32890625 0.2703125 0.46171875
13 0.20078125 0.725 0.1984375 0.15703125
13 0.2546875 0.60859375 0.23359375 0.20859375
13 0.76640625 0.15078125 0.3140625 0.26796875
13 0.6140625 0.29375 0.37890625 0.36953125
13 0.5171875 0.4984375 0.48125 0.42578125
13 0.37421875 0.76875 0.2546875 0.28203125
13 0.1203125 0.90625 0.19140625 0.18671875
13 0.92421875 0.92734375 0.1390625 0.1453125
13 0.5671875 0.89921875 0.14609375 0.2015625
13 0.72890625 0.93046875 0.1296875 0.1390625
13 0.69296875 0.6640625 0.5234375 0.41875