13 0.2546875 0.125 0.22265625 0.25
13 0.18828125 0.328125 0.24140625 0.28359375
13 0.103125 0.63984375 0.178125 0.18671875
13 0.13125 0.88125 0.23203125 0.23671875
13 0.3953125 0.921875 0.15 0.15546875
13 0.37265625 0.71171875 0.19765625 0.25234375
13 0.55234375 0.56953125 0.23828125 0.3375
13 0.6984375 0.8625 0.225 0.27421875
13 0.81875 0.65625 0.2 0.28671875
13 0.9625 0.796875 0.075 0.25234375
13 0.85625 0.25703125 0.2125 0.35859375
13 0.440625 0.27109375 0.17578125 0.30390625
13 0.3328125 0.50859375 0.18984375 0.29921875