13 0.2015625 0.10703125 0.2625 0.2140625
13 0.13125 0.64140625 0.184375 0.3734375
13 0.26796875 0.55234375 0.1359375 0.265625
13 0.3546875 0.81875 0.15625 0.2328125
13 0.4234375 0.6921875 0.103125 0.271875
13 0.3625 0.55703125 0.1375 0.19609375
13 0.36171875 0.26640625 0.19453125 0.23984375
13 0.3515625 0.09453125 0.125 0.1890625
13 0.65234375 0.171875 0.1828125 0.16328125
13 0.8015625 0.1125 0.10234375 0.1484375
13 0.84453125 0.45703125 0.2390625 0.23828125
13 0.59765625 0.62265625 0.2703125 0.32421875
13 0.95 0.22734375 0.1 0.178125