13 0.05703125 0.2515625 0.0828125 0.20234375
13 0.13984375 0.340625 0.0796875 0.13125
13 0.0609375 0.43984375 0.121875 0.2390625
13 0.19375 0.546875 0.071875 0.1390625
13 0.25546875 0.5640625 0.0609375 0.13515625
13 0.21328125 0.40390625 0.1140625 0.1859375
13 0.3171875 0.1203125 0.1125 0.240625
13 0.4515625 0.1890625 0.12734375 0.28515625
13 0.55859375 0.0828125 0.0859375 0.165625
13 0.38359375 0.42890625 0.15078125 0.2484375
13 0.503125 0.34375 0.10625 0.26171875
13 0.65859375 0.32265625 0.11328125 0.2109375
13 0.61171875 0.5015625 0.1359375 0.2265625
13 0.73125 0.5609375 0.125 0.2953125
13 0.76328125 0.309375 0.1578125 0.24375
13 0.89609375 0.64140625 0.12734375 0.12734375
13 0.734375 0.7203125 0.06328125 0.1484375