13 0.0578125 0.1703125 0.115625 0.240625
13 0.0546875 0.40625 0.109375 0.275
13 0.05625 0.63671875 0.1125 0.23046875
13 0.0703125 0.85078125 0.13984375 0.2921875
13 0.20390625 0.790625 0.1078125 0.359375
13 0.32421875 0.73046875 0.1546875 0.1890625
13 0.3609375 0.19375 0.178125 0.14140625
13 0.4828125 0.3234375 0.2125 0.26640625
13 0.45 0.5078125 0.24296875 0.27734375
13 0.63828125 0.32265625 0.20390625 0.44453125
13 0.84140625 0.3953125 0.1796875 0.28203125
13 0.83046875 0.05703125 0.1859375 0.1140625
13 0.94140625 0.15703125 0.1171875 0.2796875
13 0.90546875 0.95 0.1890625 0.09921875
13 0.5796875 0.89375 0.19765625 0.21171875