13 0.17265625 0.41015625 0.1828125 0.26171875
13 0.2671875 0.1921875 0.16015625 0.23828125
13 0.41328125 0.22421875 0.1515625 0.40546875
13 0.40234375 0.56875 0.1484375 0.3359375
13 0.51484375 0.52578125 0.1421875 0.28828125
13 0.51640625 0.78984375 0.3046875 0.33359375
13 0.5453125 0.315625 0.06640625 0.18125
13 0.59921875 0.2453125 0.0859375 0.21484375
13 0.67578125 0.17734375 0.0828125 0.175
13 0.77890625 0.115625 0.1171875 0.2078125
13 0.8296875 0.3796875 0.23515625 0.2171875
13 0.684375 0.40625 0.09921875 0.20390625
13 0.61015625 0.49609375 0.1390625 0.23359375
13 0.74453125 0.58203125 0.1578125 0.18828125