7 0.11015625 0.47109375 0.1234375 0.11171875
7 0.196875 0.13671875 0.115625 0.1578125
7 0.3265625 0.16015625 0.103125 0.1078125
7 0.325 0.24375 0.0953125 0.1109375
7 0.428125 0.24453125 0.1203125 0.1453125
7 0.5109375 0.41015625 0.0921875 0.13828125
7 0.55703125 0.47109375 0.1015625 0.09375
7 0.6109375 0.37421875 0.1390625 0.14140625
7 0.66015625 0.4734375 0.08828125 0.0984375
7 0.659375 0.5578125 0.08046875 0.0546875
7 0.70546875 0.81796875 0.07890625 0.1390625
7 0.37578125 0.74921875 0.10390625 0.159375