19 0.32421875 0.32734375 0.153125 0.10390625
19 0.47421875 0.31953125 0.06328125 0.090625
19 0.69140625 0.465625 0.1359375 0.1375
19 0.56171875 0.55703125 0.10078125 0.109375
19 0.30390625 0.5546875 0.14921875 0.08203125
19 0.21640625 0.6515625 0.17265625 0.17421875
19 0.5796875 0.74453125 0.1359375 0.12265625
19 0.75234375 0.8296875 0.20234375 0.20390625
19 0.871875 0.70390625 0.23359375 0.20546875
19 0.934375 0.91015625 0.13125 0.17890625
19 0.85078125 0.93515625 0.13515625 0.05859375
19 0.86640625 0.2765625 0.1484375 0.19921875
19 0.61953125 0.2140625 0.18203125 0.12265625