7 0.24765625 0.23203125 0.10390625 0.1171875
7 0.0609375 0.4546875 0.121875 0.109375
7 0.17734375 0.46328125 0.0984375 0.11875
7 0.28828125 0.48984375 0.0703125 0.134375
7 0.3515625 0.59921875 0.11875 0.1296875
7 0.31015625 0.8359375 0.1328125 0.11171875
7 0.51171875 0.4828125 0.08984375 0.109375
7 0.67578125 0.546875 0.11328125 0.19296875
7 0.64453125 0.7203125 0.11015625 0.1078125
7 0.90546875 0.48046875 0.13671875 0.11640625
7 0.5390625 0.034375 0.0890625 0.06875
7 0.42109375 0.2734375 0.10859375 0.0546875
7 0.83125 0.03203125 0.15625 0.0640625