19 0.08125 0.30859375 0.1625 0.159375
19 0.30234375 0.4671875 0.11328125 0.1046875
19 0.3921875 0.54453125 0.08515625 0.08359375
19 0.36953125 0.7078125 0.08046875 0.09375
19 0.1484375 0.63359375 0.11796875 0.10859375
19 0.2453125 0.7265625 0.1 0.11328125
19 0.07734375 0.77734375 0.14375 0.125
19 0.37890625 0.80390625 0.11484375 0.05625
19 0.69453125 0.61015625 0.225 0.18515625
19 0.62109375 0.3828125 0.19296875 0.128125
19 0.38125 0.26328125 0.1484375 0.125
19 0.77578125 0.45390625 0.17890625 0.15859375