19 0.19609375 0.08984375 0.090625 0.07421875
19 0.27890625 0.384375 0.1453125 0.14765625
19 0.4359375 0.36953125 0.13515625 0.12109375
19 0.54140625 0.5140625 0.10859375 0.090625
19 0.43046875 0.675 0.125 0.09921875
19 0.59765625 0.7140625 0.1203125 0.0875
19 0.5171875 0.78671875 0.1265625 0.08828125
19 0.25078125 0.78828125 0.0671875 0.06953125
19 0.09453125 0.5296875 0.1328125 0.240625
19 0.69375 0.3109375 0.11875 0.1078125
19 0.39140625 0.19296875 0.1765625 0.23671875
19 0.2203125 0.284375 0.16953125 0.13671875
19 0.58125 0.24296875 0.109375 0.12734375
19 0.69375 0.58125 0.17890625 0.18984375