19 0.23515625 0.47265625 0.1203125 0.12265625
19 0.2421875 0.621875 0.13203125 0.1828125
19 0.346875 0.53671875 0.1203125 0.1421875
19 0.4015625 0.41640625 0.1296875 0.1671875
19 0.48984375 0.38125 0.1015625 0.13671875
19 0.6546875 0.34140625 0.1046875 0.1453125
19 0.696875 0.5203125 0.10703125 0.1140625
19 0.55546875 0.56171875 0.13359375 0.1
19 0.58828125 0.7203125 0.06484375 0.134375
19 0.7890625 0.6796875 0.06015625 0.1015625
19 0.86015625 0.79921875 0.090625 0.0984375
19 0.78828125 0.81640625 0.09140625 0.10625
19 0.93515625 0.3671875 0.1296875 0.1875
19 0.9234375 0.684375 0.109375 0.1140625