19 0.3890625 0.37109375 0.1640625 0.1421875
19 0.55 0.19453125 0.09609375 0.209375
19 0.54765625 0.496875 0.16171875 0.15234375
19 0.440625 0.67109375 0.11875 0.13984375
19 0.50859375 0.59921875 0.10546875 0.11796875
19 0.70546875 0.71640625 0.14296875 0.11171875
19 0.79609375 0.80546875 0.06953125 0.08046875
19 0.453125 0.7765625 0.11484375 0.08203125
19 0.4109375 0.8296875 0.06953125 0.08828125
19 0.32109375 0.69453125 0.1109375 0.13515625
19 0.51171875 0.871875 0.11953125 0.08046875
19 0.6046875 0.9578125 0.10390625 0.084375