19 0.559375 0.34375 0.1078125 0.1515625
19 0.4984375 0.053125 0.07421875 0.10546875
19 0.41015625 0.16875 0.06171875 0.0875
19 0.5359375 0.521875 0.078125 0.04921875
19 0.659375 0.646875 0.0921875 0.1359375
19 0.546875 0.81953125 0.10859375 0.10859375
19 0.109375 0.4234375 0.11796875 0.12109375
19 0.28203125 0.38984375 0.05859375 0.08359375
19 0.35234375 0.5171875 0.084375 0.1328125
19 0.14296875 0.6703125 0.1484375 0.12734375
19 0.03046875 0.675 0.0609375 0.1
19 0.13515625 0.903125 0.165625 0.15
19 0.28828125 0.9578125 0.08828125 0.084375
19 0.378125 0.9078125 0.071875 0.09609375
19 0.8984375 0.91328125 0.134375 0.084375