19 0.2375 0.63359375 0.08515625 0.10859375
19 0.45625 0.64296875 0.13515625 0.16171875
19 0.49921875 0.48046875 0.190625 0.14609375
19 0.625 0.4453125 0.05546875 0.12421875
19 0.73359375 0.3828125 0.071875 0.06875
19 0.575 0.1890625 0.1390625 0.14296875
19 0.43984375 0.84296875 0.0578125 0.16015625
19 0.571875 0.7609375 0.1359375 0.15625
19 0.3375 0.8703125 0.09375 0.07265625
19 0.203125 0.9234375 0.10546875 0.09375
19 0.178125 0.44296875 0.11796875 0.17109375
19 0.35078125 0.45625 0.0875 0.1265625