19 0.3671875 0.22109375 0.16484375 0.159375
19 0.29609375 0.43125 0.096875 0.0609375
19 0.39765625 0.4765625 0.09921875 0.0921875
19 0.4734375 0.51171875 0.08046875 0.06640625
19 0.5625 0.57421875 0.0984375 0.09921875
19 0.5484375 0.65546875 0.0734375 0.1203125
19 0.6 0.746875 0.05703125 0.08359375
19 0.62109375 0.8171875 0.0921875 0.06328125
19 0.765625 0.571875 0.08359375 0.075
19 0.5921875 0.4515625 0.13515625 0.08828125
19 0.4640625 0.31484375 0.10234375 0.06015625
19 0.80234375 0.5328125 0.17578125 0.2203125
19 0.75625 0.79765625 0.1546875 0.065625