19 0.4734375 0.1953125 0.065625 0.0734375
19 0.540625 0.28203125 0.065625 0.07578125
19 0.56484375 0.38671875 0.03984375 0.0625
19 0.640625 0.2859375 0.0578125 0.08359375
19 0.76796875 0.375 0.07734375 0.06875
19 0.6890625 0.38984375 0.03046875 0.06015625
19 0.45234375 0.646875 0.11171875 0.18046875
19 0.61484375 0.5734375 0.065625 0.1125
19 0.6390625 0.66640625 0.09453125 0.06015625
19 0.7953125 0.64375 0.128125 0.159375
19 0.646875 0.8375 0.09140625 0.06328125
19 0.7703125 0.7640625 0.0671875 0.084375
19 0.69609375 0.24453125 0.04921875 0.0859375