19 0.2796875 0.09921875 0.0640625 0.075
19 0.34296875 0.215625 0.06796875 0.1140625
19 0.45625 0.22890625 0.0578125 0.078125
19 0.5140625 0.334375 0.05625 0.10546875
19 0.33046875 0.43828125 0.0625 0.10234375
19 0.346875 0.7546875 0.07734375 0.0984375
19 0.49765625 0.67421875 0.08828125 0.08984375
19 0.58203125 0.63046875 0.04765625 0.0734375
19 0.59375 0.8796875 0.06328125 0.0921875
19 0.4625 0.9328125 0.084375 0.071875
19 0.2375 0.95703125 0.05859375 0.071875
19 0.14296875 0.778125 0.06328125 0.09296875