19 0.48671875 0.2078125 0.10234375 0.065625
19 0.6171875 0.409375 0.08828125 0.13046875
19 0.67734375 0.4609375 0.11953125 0.12578125
19 0.5046875 0.49296875 0.08359375 0.07734375
19 0.390625 0.5203125 0.0703125 0.084375
19 0.4453125 0.6703125 0.10625 0.09765625
19 0.35703125 0.6484375 0.06015625 0.0609375
19 0.39375 0.75703125 0.06171875 0.09609375
19 0.51953125 0.7796875 0.071875 0.075
19 0.54296875 0.8671875 0.078125 0.08984375
19 0.7359375 0.725 0.1 0.16171875
19 0.75703125 0.83203125 0.0734375 0.075
19 0.87890625 0.68203125 0.0765625 0.128125
19 0.87578125 0.53359375 0.04765625 0.0546875
19 0.784375 0.3953125 0.10234375 0.12734375
19 0.675 0.29375 0.0734375 0.10625
19 0.58359375 0.22265625 0.06953125 0.090625
19 0.73984375 0.2234375 0.05390625 0.13359375
19 0.8390625 0.26953125 0.09296875 0.10390625
19 0.709375 0.07421875 0.07578125 0.0875
19 0.1171875 0.64375 0.0734375 0.1078125
19 0.16328125 0.81484375 0.103125 0.10703125
19 0.09453125 0.928125 0.14140625 0.10625