19 0.053125 0.3625 0.09140625 0.103125
19 0.17734375 0.3890625 0.0796875 0.10859375
19 0.29140625 0.4515625 0.140625 0.11328125
19 0.3203125 0.60234375 0.13125 0.09140625
19 0.2515625 0.82578125 0.11640625 0.06953125
19 0.5734375 0.81171875 0.10078125 0.10859375
19 0.5171875 0.5125 0.07890625 0.1125
19 0.65625 0.59375 0.09609375 0.14921875
19 0.33515625 0.1703125 0.1609375 0.13515625
19 0.63046875 0.03359375 0.096875 0.0671875
19 0.93515625 0.059375 0.1296875 0.11875
19 0.5140625 0.25546875 0.11640625 0.06015625
19 0.53125 0.0484375 0.07734375 0.05859375
19 0.909375 0.56484375 0.09296875 0.090625
19 0.43828125 0.59375 0.0703125 0.06015625