19 0.1875 0.2390625 0.12890625 0.10859375
19 0.09140625 0.47109375 0.09375 0.08203125
19 0.253125 0.5 0.11640625 0.11328125
19 0.33125 0.61640625 0.10859375 0.1046875
19 0.27109375 0.8359375 0.13359375 0.07890625
19 0.5171875 0.5015625 0.10859375 0.11328125
19 0.70546875 0.540625 0.13125 0.14765625
19 0.66796875 0.74296875 0.11171875 0.11953125
19 0.51328125 0.05078125 0.09296875 0.1015625
19 0.38515625 0.28515625 0.1265625 0.0375
19 0.34609375 0.03828125 0.07890625 0.07578125
19 0.8921875 0.03515625 0.06953125 0.0703125
19 0.971875 0.48984375 0.05625 0.1515625
19 0.6109375 0.6203125 0.0796875 0.05390625
19 0.09609375 0.06171875 0.0796875 0.05546875
19 0.3 0.321875 0.07109375 0.08046875