19 0.17890625 0.3453125 0.14609375 0.11328125
19 0.2578125 0.5046875 0.125 0.18203125
19 0.3328125 0.653125 0.1515625 0.17890625
19 0.22578125 0.746875 0.090625 0.11328125
19 0.12265625 0.8421875 0.115625 0.084375
19 0.2296875 0.90625 0.1625 0.12578125
19 0.325 0.8703125 0.0984375 0.08125
19 0.0890625 0.6671875 0.17109375 0.165625
19 0.0515625 0.49609375 0.09140625 0.15390625
19 0.08671875 0.19375 0.0625 0.07734375
19 0.4796875 0.85390625 0.11875 0.1296875
19 0.55703125 0.73828125 0.1578125 0.21796875
19 0.69296875 0.65234375 0.14765625 0.2140625
19 0.7328125 0.53125 0.05546875 0.11015625
19 0.64921875 0.3296875 0.07421875 0.1265625
19 0.79375 0.35234375 0.0953125 0.11171875
19 0.86875 0.46328125 0.096875 0.11171875
19 0.94921875 0.4140625 0.07890625 0.10625
19 0.9875 0.5015625 0.025 0.065625
19 0.97890625 0.05234375 0.0421875 0.0921875
19 0.978125 0.2296875 0.04375 0.09453125
19 0.91796875 0.7921875 0.03984375 0.1
19 0.7375 0.94140625 0.06953125 0.103125
19 0.9 0.978125 0.07421875 0.04296875
19 0.6171875 0.12578125 0.046875 0.0578125