19 0.25859375 0.23984375 0.14140625 0.07734375
19 0.425 0.29296875 0.1328125 0.071875
19 0.46875 0.37265625 0.07109375 0.0640625
19 0.51328125 0.43984375 0.1 0.09375
19 0.7796875 0.5171875 0.08203125 0.103125
19 0.91640625 0.6359375 0.07265625 0.1
19 0.88359375 0.71484375 0.096875 0.07890625
19 0.54609375 0.8078125 0.29921875 0.13828125
19 0.22890625 0.6 0.1796875 0.15078125
19 0.07890625 0.47109375 0.125 0.06015625
19 0.0859375 0.3078125 0.115625 0.06875
19 0.11875 0.92578125 0.15234375 0.11640625
19 0.32734375 0.9359375 0.1953125 0.128125
19 0.56953125 0.89140625 0.27578125 0.140625