7 0.34609375 0.1953125 0.10390625 0.11875
7 0.47109375 0.11640625 0.13515625 0.12109375
7 0.6828125 0.25 0.11640625 0.14609375
7 0.778125 0.353125 0.22109375 0.26328125
7 0.89921875 0.50546875 0.15078125 0.203125
7 0.30078125 0.7671875 0.18828125 0.16875
7 0.44765625 0.64765625 0.09140625 0.15234375
7 0.6359375 0.70703125 0.121875 0.27109375
7 0.66875 0.9125 0.165625 0.11328125
7 0.2453125 0.359375 0.140625 0.1265625
7 0.11484375 0.60625 0.13359375 0.13984375
7 0.78046875 0.73984375 0.1921875 0.2328125
7 0.96875 0.36875 0.0625 0.096875