19 0.18046875 0.334375 0.0859375 0.15859375
19 0.2921875 0.47890625 0.11875 0.1203125
19 0.25390625 0.56484375 0.10625 0.084375
19 0.41875 0.559375 0.09375 0.0953125
19 0.546875 0.53359375 0.10703125 0.14453125
19 0.69609375 0.4140625 0.09375 0.18046875
19 0.559375 0.2640625 0.12109375 0.1328125
19 0.4234375 0.35546875 0.17421875 0.15234375
19 0.29765625 0.296875 0.1046875 0.090625
19 0.390625 0.19296875 0.10078125 0.06953125
19 0.59140625 0.83125 0.121875 0.12421875
19 0.60703125 0.76875 0.0609375 0.04921875
19 0.70625 0.85234375 0.09140625 0.1
19 0.87109375 0.8140625 0.1421875 0.0984375
19 0.38046875 0.7359375 0.10234375 0.0609375
19 0.4265625 0.82109375 0.090625 0.11171875