19 0.4140625 0.2671875 0.1171875 0.0875
19 0.53046875 0.2359375 0.09765625 0.1328125
19 0.34765625 0.353125 0.14453125 0.103125
19 0.3046875 0.58046875 0.15625 0.178125
19 0.36484375 0.72734375 0.11640625 0.103125
19 0.615625 0.73125 0.1234375 0.175
19 0.528125 0.509375 0.12578125 0.11328125
19 0.6453125 0.4359375 0.121875 0.1078125
19 0.8234375 0.425 0.0953125 0.07890625
19 0.83515625 0.29453125 0.17890625 0.1125
19 0.8765625 0.153125 0.16484375 0.1609375
19 0.575 0.0484375 0.18359375 0.08828125