19 0.24921875 0.15703125 0.07421875 0.096875
19 0.3515625 0.1890625 0.11875 0.08359375
19 0.31328125 0.3921875 0.09453125 0.12421875
19 0.415625 0.37421875 0.11328125 0.0890625
19 0.615625 0.290625 0.096875 0.10390625
19 0.53203125 0.23515625 0.07890625 0.08671875
19 0.24609375 0.30390625 0.1015625 0.09453125
19 0.37578125 0.2703125 0.10859375 0.06015625
19 0.1171875 0.3828125 0.08515625 0.08828125
19 0.096875 0.52890625 0.07109375 0.1125
19 0.178125 0.68359375 0.08515625 0.09140625
19 0.23671875 0.565625 0.10859375 0.1484375
19 0.52578125 0.5125 0.07734375 0.090625
19 0.61328125 0.58671875 0.084375 0.1046875
19 0.4890625 0.6625 0.06328125 0.0921875
19 0.5234375 0.74453125 0.12421875 0.10390625
19 0.62578125 0.69765625 0.0765625 0.06640625
19 0.4109375 0.72734375 0.11875 0.0546875
19 0.34765625 0.7765625 0.0734375 0.08203125
19 0.20703125 0.89921875 0.071875 0.075
19 0.40546875 0.05625 0.10390625 0.06640625