19 0.3125 0.03046875 0.05625 0.0609375
19 0.359375 0.165625 0.0890625 0.13671875
19 0.321875 0.39453125 0.0890625 0.0921875
19 0.540625 0.35546875 0.08046875 0.1046875
19 0.53984375 0.234375 0.09375 0.1
19 0.45 0.65234375 0.0890625 0.0984375
19 0.54375 0.66796875 0.09140625 0.08984375
19 0.25 0.73671875 0.08046875 0.12890625
19 0.34140625 0.93359375 0.09140625 0.103125
19 0.50703125 0.9296875 0.12109375 0.084375
19 0.03203125 0.89921875 0.0640625 0.08984375
19 0.11328125 0.978125 0.09296875 0.04375