19 0.35078125 0.3421875 0.21875 0.2
19 0.54609375 0.16484375 0.14375 0.1828125
19 0.6234375 0.47734375 0.11171875 0.10234375
19 0.471875 0.5328125 0.121875 0.12421875
19 0.53984375 0.634375 0.13828125 0.10390625
19 0.44375 0.70546875 0.13984375 0.1703125
19 0.4609375 0.82734375 0.103125 0.11015625
19 0.38359375 0.9 0.09375 0.15859375
19 0.2953125 0.69375 0.13671875 0.259375
19 0.7375 0.75 0.15703125 0.18203125
19 0.8375 0.64375 0.08203125 0.1
19 0.89375 0.54140625 0.084375 0.12265625
19 0.83671875 0.86640625 0.115625 0.128125
19 0.48046875 0.95703125 0.13828125 0.06484375