19 0.4484375 0.67890625 0.0828125 0.10390625
19 0.4875 0.784375 0.10859375 0.1203125
19 0.5484375 0.9125 0.08203125 0.13125
19 0.71875 0.9703125 0.13203125 0.05078125
19 0.6796875 0.74453125 0.0578125 0.0625
19 0.8609375 0.83671875 0.10703125 0.121875
19 0.88046875 0.6515625 0.07890625 0.11640625
19 0.61484375 0.55703125 0.0921875 0.12421875
19 0.5375 0.29296875 0.059375 0.1234375
19 0.68671875 0.32421875 0.1125 0.14609375
19 0.77734375 0.28984375 0.07421875 0.18046875
19 0.6171875 0.15390625 0.06953125 0.07265625
19 0.678125 0.10703125 0.06171875 0.08984375
19 0.4984375 0.18671875 0.1109375 0.09375
19 0.41953125 0.07109375 0.090625 0.14140625