19 0.175 0.1671875 0.07109375 0.0703125
19 0.31015625 0.234375 0.0953125 0.1265625
19 0.4390625 0.35078125 0.07109375 0.07578125
19 0.2484375 0.4140625 0.1203125 0.190625
19 0.3484375 0.60703125 0.06015625 0.1265625
19 0.51484375 0.696875 0.2265625 0.109375
19 0.72109375 0.80703125 0.3375 0.17265625
19 0.74453125 0.59453125 0.28828125 0.38046875
19 0.58046875 0.3453125 0.06328125 0.06875
19 0.42578125 0.22421875 0.1375 0.13828125
19 0.4796875 0.51875 0.25625 0.24375
19 0.5140625 0.94921875 0.12734375 0.10078125
19 0.9453125 0.72265625 0.109375 0.2265625
19 0.553125 0.5546875 0.1390625 0.13828125