19 0.021875 0.64921875 0.04375 0.07421875
19 0.05859375 0.83828125 0.06875 0.06484375
19 0.15234375 0.953125 0.07421875 0.09375
19 0.2859375 0.70703125 0.0875 0.0859375
19 0.528125 0.65546875 0.134375 0.07890625
19 0.528125 0.85859375 0.06640625 0.08359375
19 0.5421875 0.36171875 0.09140625 0.134375
19 0.32421875 0.3984375 0.04921875 0.06640625
19 0.36015625 0.2703125 0.0625 0.08671875
19 0.52109375 0.23515625 0.03359375 0.06015625
19 0.38125 0.20546875 0.0859375 0.08671875
19 0.315625 0.08359375 0.0328125 0.08515625