19 0.33125 0.34921875 0.11171875 0.13203125
19 0.15 0.3484375 0.09140625 0.078125
19 0.27265625 0.5015625 0.121875 0.1609375
19 0.340625 0.6734375 0.08515625 0.08203125
19 0.28671875 0.7640625 0.09375 0.1
19 0.3765625 0.91953125 0.08359375 0.05703125
19 0.53046875 0.709375 0.10390625 0.1453125
19 0.81875 0.59296875 0.08671875 0.15078125
19 0.8453125 0.78203125 0.0984375 0.1234375
19 0.80703125 0.92421875 0.10703125 0.1171875
19 0.8109375 0.4515625 0.1078125 0.128125
19 0.54765625 0.075 0.08046875 0.0890625
19 0.4 0.16171875 0.0703125 0.03984375