19 0.35703125 0.60234375 0.1 0.2
19 0.40625 0.78984375 0.13984375 0.19140625
19 0.72734375 0.79453125 0.1 0.1296875
19 0.496875 0.4984375 0.096875 0.14375
19 0.6421875 0.5828125 0.09765625 0.13046875
19 0.68984375 0.4390625 0.08515625 0.16015625
19 0.7859375 0.3921875 0.0984375 0.1328125
19 0.91953125 0.35390625 0.08359375 0.17578125
19 0.675 0.15625 0.1265625 0.16640625
19 0.39296875 0.03671875 0.08359375 0.07265625
19 0.078125 0.04921875 0.15625 0.0984375
19 0.09765625 0.565625 0.16875 0.12265625