19 0.31484375 0.19609375 0.06796875 0.08984375
19 0.42734375 0.19140625 0.08046875 0.11796875
19 0.30703125 0.37421875 0.07421875 0.10390625
19 0.41640625 0.33828125 0.04375 0.0703125
19 0.17109375 0.3609375 0.08515625 0.1375
19 0.16640625 0.7421875 0.09453125 0.1109375
19 0.22890625 0.8921875 0.05234375 0.0796875
19 0.40859375 0.6078125 0.08515625 0.1328125
19 0.60390625 0.6609375 0.06953125 0.09296875
19 0.559375 0.79609375 0.09296875 0.1140625
19 0.62578125 0.76171875 0.0578125 0.07578125
19 0.51875 0.09609375 0.05859375 0.10234375
19 0.478125 0.028125 0.059375 0.05625
19 0.24375 0.146875 0.0453125 0.03671875