19 0.36796875 0.803125 0.19609375 0.140625
19 0.4640625 0.63515625 0.11015625 0.14140625
19 0.59765625 0.709375 0.1390625 0.10546875
19 0.3 0.5 0.15 0.13671875
19 0.1140625 0.534375 0.13515625 0.12734375
19 0.3390625 0.359375 0.10859375 0.16328125
19 0.25390625 0.19921875 0.1328125 0.10390625
19 0.3578125 0.21171875 0.1015625 0.08359375
19 0.6703125 0.0484375 0.11640625 0.0703125
19 0.79453125 0.19921875 0.08984375 0.09296875
19 0.85078125 0.10703125 0.1125 0.128125
19 0.95859375 0.20625 0.0828125 0.103125
19 0.91484375 0.796875 0.1296875 0.0828125
19 0.8796875 0.95390625 0.16015625 0.0921875