19 0.4640625 0.70078125 0.1984375 0.11015625
19 0.65859375 0.8234375 0.17109375 0.14765625
19 0.5859375 0.62734375 0.13359375 0.1484375
19 0.68046875 0.5328125 0.13046875 0.09453125
19 0.86171875 0.5046875 0.0984375 0.075
19 0.63671875 0.33671875 0.07578125 0.0890625
19 0.58046875 0.1765625 0.08671875 0.1140625
19 0.6765625 0.196875 0.09140625 0.0953125
19 0.21484375 0.2125 0.0984375 0.08515625
19 0.09609375 0.1453125 0.06171875 0.06328125
19 0.33828125 0.04609375 0.2265625 0.0921875
19 0.75703125 0.95 0.11171875 0.0796875
19 0.93984375 0.9578125 0.1203125 0.084375