19 0.37734375 0.3890625 0.08203125 0.11171875
19 0.32578125 0.49296875 0.11640625 0.10703125
19 0.51796875 0.19609375 0.090625 0.1046875
19 0.2609375 0.234375 0.06015625 0.06640625
19 0.3359375 0.290625 0.06953125 0.05234375
19 0.2765625 0.17265625 0.0546875 0.06875
19 0.16484375 0.24609375 0.0765625 0.07421875
19 0.271875 0.73828125 0.096875 0.18125
19 0.2671875 0.8859375 0.08515625 0.0640625
19 0.16640625 0.77734375 0.0875 0.10703125
19 0.51640625 0.49453125 0.0921875 0.09140625
19 0.57109375 0.73515625 0.096875 0.1046875
19 0.4625 0.915625 0.07265625 0.05625
19 0.6421875 0.65546875 0.07890625 0.090625
19 0.6171875 0.51015625 0.1 0.12265625
19 0.65859375 0.41953125 0.07109375 0.09375
19 0.43828125 0.175 0.08515625 0.09609375
19 0.2453125 0.4171875 0.14765625 0.12734375
19 0.4921875 0.83828125 0.09921875 0.13125
19 0.85234375 0.825 0.11640625 0.1125
19 0.90390625 0.9671875 0.10078125 0.065625
19 0.96953125 0.92890625 0.0609375 0.08984375
19 0.9265625 0.65 0.0890625 0.08671875