19 0.040625 0.1796875 0.08125 0.125
19 0.0734375 0.34609375 0.08671875 0.12265625
19 0.1578125 0.65078125 0.20859375 0.20234375
19 0.34140625 0.721875 0.20234375 0.18828125
19 0.28125 0.5109375 0.215625 0.23984375
19 0.565625 0.7046875 0.1609375 0.2734375
19 0.65625 0.5578125 0.196875 0.2265625
19 0.83984375 0.44765625 0.11328125 0.14375
19 0.703125 0.83984375 0.115625 0.15703125
19 0.8359375 0.67890625 0.0640625 0.11015625
19 0.81484375 0.8625 0.0640625 0.0765625
19 0.9609375 0.640625 0.06484375 0.09375
19 0.58671875 0.34140625 0.0765625 0.10078125
19 0.79609375 0.146875 0.15234375 0.2453125