19 0.35625 0.28671875 0.190625 0.17421875
19 0.50859375 0.2140625 0.15 0.134375
19 0.6234375 0.25859375 0.11953125 0.09609375
19 0.715625 0.2765625 0.07265625 0.1203125
19 0.8390625 0.390625 0.20078125 0.23359375
19 0.671875 0.6875 0.16484375 0.17265625
19 0.67890625 0.83984375 0.16015625 0.10078125
19 0.2859375 0.728125 0.2328125 0.1640625
19 0.43828125 0.63515625 0.14453125 0.1015625
19 0.1375 0.43203125 0.1453125 0.07890625
19 0.04609375 0.57265625 0.0890625 0.12109375
19 0.78359375 0.7125 0.09765625 0.14765625
19 0.96796875 0.503125 0.0640625 0.14609375
19 0.928125 0.79765625 0.08203125 0.0875
19 0.19375 0.3625 0.10078125 0.09140625