19 0.06171875 0.66640625 0.07421875 0.096875
19 0.44375 0.85625 0.0953125 0.1234375
19 0.3328125 0.93046875 0.06328125 0.07734375
19 0.3875 0.6390625 0.171875 0.09453125
19 0.54375 0.6671875 0.134375 0.15390625
19 0.4703125 0.73125 0.1109375 0.1
19 0.63046875 0.7390625 0.11796875 0.14140625
19 0.19453125 0.46640625 0.14375 0.11328125
19 0.41015625 0.46171875 0.24296875 0.24140625
19 0.24765625 0.59140625 0.18671875 0.13671875
19 0.71796875 0.45234375 0.14609375 0.32421875
19 0.7359375 0.2078125 0.103125 0.0875
19 0.91328125 0.153125 0.11171875 0.11640625
19 0.92421875 0.27421875 0.1515625 0.16015625
19 0.9171875 0.44296875 0.15390625 0.25703125
19 0.8125 0.6203125 0.16328125 0.14140625
19 0.7734375 0.69609375 0.1296875 0.08203125
19 0.94921875 0.65 0.1015625 0.11328125
19 0.96484375 0.79375 0.06953125 0.09140625
19 0.784375 0.05703125 0.121875 0.1140625