7 0.29375 0.034375 0.0859375 0.06875
7 0.38125 0.13671875 0.1453125 0.128125
7 0.2625 0.1578125 0.15234375 0.1171875
7 0.21640625 0.25390625 0.1390625 0.146875
7 0.4359375 0.32109375 0.128125 0.153125
7 0.621875 0.34375 0.13203125 0.13203125
7 0.57265625 0.4703125 0.159375 0.11328125
7 0.715625 0.48671875 0.09140625 0.11328125
7 0.6171875 0.7296875 0.15078125 0.196875
7 0.7515625 0.90234375 0.11953125 0.1265625
7 0.321875 0.79140625 0.09296875 0.1203125
7 0.32890625 0.90625 0.07421875 0.08984375
7 0.08203125 0.53359375 0.09296875 0.10625