19 0.72734375 0.15625 0.096875 0.1109375
19 0.65078125 0.2015625 0.115625 0.07890625
19 0.54765625 0.37734375 0.08046875 0.14765625
19 0.446875 0.3578125 0.06015625 0.0890625
19 0.34375 0.46875 0.1640625 0.1375
19 0.2453125 0.6453125 0.15234375 0.1890625
19 0.3796875 0.746875 0.190625 0.16796875
19 0.51796875 0.67734375 0.19140625 0.12265625
19 0.63046875 0.5984375 0.10859375 0.11640625
19 0.70859375 0.4 0.12265625 0.17734375
19 0.275 0.87265625 0.11484375 0.115625
19 0.13203125 0.80625 0.09375 0.096875
19 0.0625 0.84921875 0.125 0.07578125
19 0.5296875 0.2078125 0.09921875 0.09609375