19 0.41875 0.2375 0.13046875 0.15390625
19 0.67734375 0.3234375 0.1125 0.08828125
19 0.634375 0.42578125 0.13359375 0.0984375
19 0.396875 0.4859375 0.090625 0.0671875
19 0.31875 0.5328125 0.1046875 0.0796875
19 0.45390625 0.60234375 0.09296875 0.08125
19 0.5625 0.6 0.08671875 0.0796875
19 0.590625 0.66875 0.0578125 0.03828125
19 0.60078125 0.7453125 0.1 0.05078125
19 0.6546875 0.81875 0.1296875 0.04765625
19 0.73671875 0.715625 0.0484375 0.0875
19 0.7390625 0.61953125 0.05625 0.10390625
19 0.2859375 0.71875 0.10703125 0.05703125
19 0.17734375 0.6328125 0.0984375 0.07734375
19 0.10078125 0.54765625 0.07890625 0.08671875
19 0.18359375 0.815625 0.05078125 0.03828125
19 0.3484375 0.84765625 0.11328125 0.0765625
19 0.5390625 0.846875 0.07734375 0.06015625
19 0.4359375 0.93359375 0.08359375 0.05859375