19 0.18359375 0.44375 0.16328125 0.1359375
19 0.2953125 0.56484375 0.2140625 0.16875
19 0.33828125 0.6765625 0.10703125 0.10625
19 0.26484375 0.721875 0.1171875 0.115625
19 0.2203125 0.8171875 0.19921875 0.115625
19 0.06328125 0.61796875 0.1265625 0.1125
19 0.046875 0.54140625 0.09375 0.08125
19 0.5984375 0.6890625 0.18125 0.190625
19 0.71953125 0.57265625 0.13671875 0.14375
19 0.52265625 0.4640625 0.13359375 0.11640625
19 0.62421875 0.37109375 0.09453125 0.1390625
19 0.95078125 0.096875 0.08984375 0.08046875
19 0.74140625 0.30546875 0.184375 0.21953125
19 0.78984375 0.48046875 0.14765625 0.1640625
19 0.8921875 0.421875 0.0796875 0.12421875
19 0.96171875 0.69609375 0.0765625 0.1015625
19 0.79453125 0.83046875 0.075 0.11640625
19 0.9375 0.8671875 0.1109375 0.1046875
19 0.37421875 0.8328125 0.10078125 0.109375