19 0.2546875 0.2546875 0.07421875 0.0953125
19 0.14921875 0.44375 0.04140625 0.071875
19 0.27734375 0.48203125 0.0890625 0.1140625
19 0.334375 0.59609375 0.0734375 0.07890625
19 0.25078125 0.77890625 0.05859375 0.05859375
19 0.01484375 0.415625 0.0296875 0.046875
19 0.584375 0.11640625 0.05546875 0.08671875
19 0.43359375 0.3078125 0.1125 0.06015625
19 0.50234375 0.48203125 0.13828125 0.08125
19 0.678125 0.54375 0.14765625 0.153125
19 0.61328125 0.73359375 0.12890625 0.1078125
19 0.9453125 0.50546875 0.10859375 0.109375
19 0.45703125 0.56015625 0.0546875 0.0625
19 0.56796875 0.603125 0.04921875 0.07421875
19 0.19453125 0.0875 0.06171875 0.059375