19 0.7375 0.08203125 0.0546875 0.0921875
19 0.65859375 0.15078125 0.16015625 0.0734375
19 0.5078125 0.1765625 0.10390625 0.0875
19 0.5546875 0.29921875 0.07109375 0.08828125
19 0.7375 0.3734375 0.1359375 0.203125
19 0.66328125 0.5734375 0.0578125 0.07109375
19 0.5875 0.6765625 0.12265625 0.109375
19 0.46796875 0.7078125 0.1546875 0.1390625
19 0.4109375 0.8453125 0.23359375 0.13828125
19 0.2546875 0.93515625 0.1140625 0.103125
19 0.21953125 0.746875 0.11171875 0.2125
19 0.296875 0.47734375 0.0734375 0.16484375
19 0.2828125 0.64140625 0.1015625 0.13984375
19 0.3765625 0.48828125 0.0953125 0.08671875
19 0.4140625 0.34140625 0.08046875 0.109375
19 0.56171875 0.41953125 0.07734375 0.0640625
19 0.07421875 0.90625 0.1484375 0.1875
19 0.56484375 0.978125 0.08515625 0.04375
19 0.6828125 0.790625 0.05546875 0.04453125
19 0.7109375 0.95078125 0.05546875 0.078125
19 0.47265625 0.5734375 0.09375 0.09375