7 0.1734375 0.39375 0.1453125 0.18359375
7 0.2828125 0.24921875 0.1640625 0.11796875
7 0.3875 0.62890625 0.1421875 0.1890625
7 0.34140625 0.7328125 0.1359375 0.1296875
7 0.2375 0.7203125 0.1296875 0.134375
7 0.5703125 0.66171875 0.16953125 0.15859375
7 0.70390625 0.725 0.16484375 0.11328125
7 0.08125 0.52421875 0.1625 0.1515625
7 0.6046875 0.24765625 0.13046875 0.1265625
7 0.55625 0.15703125 0.159375 0.115625
7 0.846875 0.37578125 0.1578125 0.17734375
7 0.94375 0.53671875 0.0984375 0.1171875
7 0.40390625 0.90078125 0.12734375 0.1125