19 0.3625 0.29453125 0.1265625 0.1078125
19 0.565625 0.36015625 0.1078125 0.11015625
19 0.67421875 0.36875 0.10234375 0.15234375
19 0.51171875 0.50859375 0.17890625 0.1015625
19 0.40390625 0.59296875 0.09375 0.084375
19 0.53671875 0.665625 0.0875 0.065625
19 0.41328125 0.69609375 0.0703125 0.0703125
19 0.49375 0.74375 0.06953125 0.08125
19 0.8234375 0.546875 0.08828125 0.1265625
19 0.85390625 0.47109375 0.08203125 0.096875
19 0.9234375 0.62578125 0.0875 0.09765625
19 0.9828125 0.46171875 0.034375 0.10703125
19 0.7625 0.26640625 0.07734375 0.10390625
19 0.84375 0.28671875 0.07578125 0.08515625
19 0.94375 0.33046875 0.1125 0.11328125
19 0.61640625 0.1609375 0.14296875 0.1046875
19 0.59140625 0.24765625 0.13671875 0.07890625
19 0.78125 0.13203125 0.10078125 0.09921875
19 0.7328125 0.76171875 0.0921875 0.07578125