7 0.06171875 0.115625 0.09375 0.09296875
7 0.0796875 0.253125 0.0625 0.08046875
7 0.13046875 0.34375 0.07890625 0.10703125
7 0.18515625 0.2296875 0.09140625 0.10546875
7 0.1640625 0.04375 0.11640625 0.0875
7 0.49765625 0.2609375 0.05859375 0.0671875
7 0.62734375 0.284375 0.0609375 0.10390625
7 0.7046875 0.4140625 0.096875 0.1015625
7 0.38046875 0.4609375 0.05 0.084375
7 0.340625 0.71171875 0.17109375 0.13125
7 0.6 0.76328125 0.0921875 0.08671875
7 0.70625 0.61953125 0.09453125 0.13046875
7 0.5140625 0.06015625 0.08671875 0.1203125