19 0.640625 0.0640625 0.13203125 0.128125
19 0.5125 0.09453125 0.14609375 0.08828125
19 0.50390625 0.27734375 0.08828125 0.08203125
19 0.6796875 0.3109375 0.1203125 0.24140625
19 0.55546875 0.384375 0.05078125 0.05859375
19 0.45859375 0.59140625 0.10703125 0.1515625
19 0.52890625 0.77265625 0.190625 0.2234375
19 0.41484375 0.884375 0.19765625 0.14921875
19 0.340625 0.66015625 0.09375 0.46796875
19 0.40234375 0.34453125 0.0796875 0.08203125
19 0.68046875 0.5578125 0.10078125 0.084375
19 0.8171875 0.7078125 0.071875 0.06796875
19 0.765625 0.9171875 0.04375 0.08203125