19 0.46875 0.1390625 0.1046875 0.084375
19 0.45234375 0.18125 0.08203125 0.0390625
19 0.37109375 0.28203125 0.12109375 0.0578125
19 0.33203125 0.33984375 0.08359375 0.06796875
19 0.3125 0.5171875 0.0703125 0.0703125
19 0.334375 0.38984375 0.0515625 0.11015625
19 0.51875 0.34140625 0.08203125 0.0859375
19 0.6078125 0.2421875 0.0953125 0.1
19 0.42421875 0.778125 0.309375 0.36953125
19 0.66640625 0.69296875 0.13828125 0.33515625
19 0.75390625 0.89453125 0.10859375 0.08046875
19 0.828125 0.96484375 0.1328125 0.0703125
19 0.50234375 0.54921875 0.0671875 0.078125
19 0.496875 0.4328125 0.075 0.0953125
19 0.6484375 0.425 0.06640625 0.07578125