19 0.3421875 0.46875 0.134375 0.09609375
19 0.21640625 0.54765625 0.12734375 0.1015625
19 0.3 0.60390625 0.09765625 0.10234375
19 0.46484375 0.74921875 0.10078125 0.0796875
19 0.4203125 0.7890625 0.14140625 0.07734375
19 0.55390625 0.90234375 0.09921875 0.0625
19 0.5984375 0.625 0.13359375 0.1140625
19 0.77265625 0.44140625 0.08359375 0.08515625
19 0.88359375 0.57734375 0.05234375 0.075
19 0.92109375 0.75078125 0.0671875 0.0796875
19 0.7265625 0.34375 0.08359375 0.07265625
19 0.38046875 0.14140625 0.09453125 0.065625