19 0.165625 0.39296875 0.1125 0.1421875
19 0.29453125 0.50625 0.0984375 0.13359375
19 0.2921875 0.61328125 0.07890625 0.08046875
19 0.39375 0.51484375 0.09609375 0.13671875
19 0.5359375 0.5046875 0.11640625 0.15234375
19 0.3828125 0.3515625 0.125 0.11875
19 0.534375 0.2609375 0.11953125 0.10859375
19 0.63984375 0.37109375 0.11953125 0.15078125
19 0.64453125 0.76640625 0.0953125 0.1671875
19 0.7484375 0.81015625 0.090625 0.13125
19 0.896875 0.7640625 0.14140625 0.1328125
19 0.31171875 0.18984375 0.09453125 0.05859375