19 0.17109375 0.6890625 0.06953125 0.08671875
19 0.2265625 0.78984375 0.04765625 0.0578125
19 0.40234375 0.5765625 0.04140625 0.0703125
19 0.584375 0.61796875 0.07890625 0.07734375
19 0.534375 0.71171875 0.0984375 0.11328125
19 0.51875 0.84140625 0.0703125 0.11875
19 0.359375 0.8921875 0.10546875 0.06796875
19 0.425 0.38515625 0.0578125 0.08984375
19 0.44140625 0.24765625 0.0640625 0.10859375
19 0.51484375 0.17109375 0.10234375 0.07734375
19 0.30859375 0.24765625 0.121875 0.096875
19 0.19140625 0.39296875 0.1265625 0.12734375
19 0.3078125 0.403125 0.0609375 0.05078125