19 0.26015625 0.24140625 0.17734375 0.09140625
19 0.44921875 0.3453125 0.07578125 0.06015625
19 0.51015625 0.44140625 0.10859375 0.07890625
19 0.30390625 0.63515625 0.075 0.1265625
19 0.16953125 0.5234375 0.075 0.075
19 0.09765625 0.4640625 0.1328125 0.10546875
19 0.15625 0.3359375 0.06953125 0.0640625
19 0.54765625 0.81328125 0.2359375 0.17109375
19 0.4234375 0.9625 0.08984375 0.07421875
19 0.63359375 0.9578125 0.23984375 0.084375
19 0.72265625 0.490625 0.0796875 0.12421875
19 0.8546875 0.59609375 0.08828125 0.090625
19 0.8375 0.68515625 0.10859375 0.10859375