19 0.29609375 0.29375 0.11171875 0.14765625
19 0.2984375 0.39921875 0.07265625 0.11640625
19 0.34296875 0.57421875 0.14609375 0.13984375
19 0.30859375 0.71796875 0.1515625 0.11171875
19 0.55703125 0.68828125 0.25 0.0703125
19 0.6296875 0.55859375 0.10546875 0.12734375
19 0.71875 0.3984375 0.0953125 0.1640625
19 0.8765625 0.4734375 0.11640625 0.11640625
19 0.95 0.22578125 0.1 0.11640625
19 0.6328125 0.1328125 0.11640625 0.0890625
19 0.83046875 0.15078125 0.13203125 0.1
19 0.73984375 0.06015625 0.10390625 0.0859375