19 0.16484375 0.29140625 0.12578125 0.14375
19 0.26640625 0.453125 0.09375 0.1359375
19 0.23359375 0.57890625 0.140625 0.059375
19 0.55703125 0.565625 0.1015625 0.16015625
19 0.60625 0.790625 0.07734375 0.13046875
19 0.58984375 0.8859375 0.10390625 0.0921875
19 0.7 0.88046875 0.06796875 0.10546875
19 0.71328125 0.37734375 0.0984375 0.1328125
19 0.59921875 0.2671875 0.05234375 0.09453125
19 0.44375 0.3328125 0.1546875 0.1140625
19 0.29609375 0.24296875 0.134375 0.0796875
19 0.42265625 0.1703125 0.1578125 0.1203125
19 0.40625 0.5640625 0.10859375 0.10078125