19 0.059375 0.1125 0.0515625 0.10546875
19 0.1921875 0.28515625 0.06328125 0.07890625
19 0.28515625 0.41953125 0.1203125 0.34296875
19 0.27265625 0.6140625 0.0625 0.1
19 0.1078125 0.5375 0.2015625 0.2296875
19 0.0890625 0.37890625 0.11484375 0.15078125
19 0.11171875 0.74921875 0.20546875 0.221875
19 0.096875 0.8859375 0.19375 0.10390625
19 0.228125 0.7453125 0.13359375 0.13515625
19 0.57578125 0.91875 0.14375 0.121875
19 0.9546875 0.70703125 0.090625 0.1671875
19 0.96953125 0.8734375 0.0609375 0.10546875
19 0.46015625 0.71953125 0.20546875 0.20390625
19 0.63046875 0.61796875 0.21953125 0.23125
19 0.71171875 0.2296875 0.08359375 0.06484375
19 0.7453125 0.428125 0.21796875 0.15625
19 0.85078125 0.53125 0.2359375 0.17265625
19 0.221875 0.1390625 0.08671875 0.09140625