7 0.221875 0.4421875 0.0796875 0.08671875
7 0.3390625 0.70625 0.153125 0.1359375
7 0.4921875 0.6421875 0.12890625 0.1265625
7 0.69375 0.6265625 0.1671875 0.20625
7 0.64765625 0.26640625 0.07109375 0.10390625
7 0.76796875 0.3453125 0.15859375 0.1609375
7 0.91484375 0.42109375 0.078125 0.14609375
7 0.7015625 0.8 0.06796875 0.0703125
7 0.7875 0.65078125 0.08984375 0.125
7 0.30078125 0.33515625 0.07734375 0.0921875
7 0.4046875 0.21171875 0.065625 0.05390625
7 0.51171875 0.23125 0.0671875 0.090625
7 0.13046875 0.64453125 0.05546875 0.0796875