19 0.40234375 0.0609375 0.06796875 0.0921875
19 0.334375 0.28828125 0.08828125 0.1921875
19 0.30859375 0.55390625 0.07734375 0.0953125
19 0.36328125 0.65625 0.08359375 0.14375
19 0.49375 0.80703125 0.21015625 0.28515625
19 0.59375 0.95234375 0.08359375 0.0953125
19 0.684375 0.790625 0.11953125 0.27109375
19 0.6890625 0.56640625 0.11328125 0.18359375
19 0.53125 0.58828125 0.0953125 0.15234375
19 0.4640625 0.38125 0.0609375 0.11015625
19 0.5296875 0.3140625 0.0546875 0.13671875
19 0.5921875 0.21171875 0.09375 0.128125
19 0.49765625 0.15625 0.06484375 0.0921875
19 0.815625 0.95625 0.128125 0.0875
19 0.2578125 0.9453125 0.171875 0.109375
19 0.1234375 0.64765625 0.08359375 0.10078125
19 0.1578125 0.85390625 0.08125 0.05859375