19 0.5796875 0.578125 0.1359375 0.21875
19 0.2609375 0.465625 0.0859375 0.13125
19 0.3609375 0.484375 0.04921875 0.07890625
19 0.40859375 0.5640625 0.0765625 0.1078125
19 0.15859375 0.31640625 0.09453125 0.1265625
19 0.73203125 0.4328125 0.10234375 0.13515625
19 0.63359375 0.29296875 0.12578125 0.10859375
19 0.5890625 0.8109375 0.12265625 0.1734375
19 0.70390625 0.85390625 0.071875 0.11796875
19 0.45078125 0.34453125 0.09375 0.10390625
19 0.40078125 0.36796875 0.0796875 0.0734375
19 0.2546875 0.265625 0.059375 0.084375