19 0.0625 0.15 0.125 0.13828125
19 0.16796875 0.0953125 0.16796875 0.0828125
19 0.18359375 0.23984375 0.13984375 0.1296875
19 0.09921875 0.340625 0.1984375 0.25625
19 0.35390625 0.46484375 0.14140625 0.11015625
19 0.36484375 0.646875 0.18203125 0.18515625
19 0.490625 0.4890625 0.12109375 0.10625
19 0.7046875 0.609375 0.13671875 0.15390625
19 0.58984375 0.7015625 0.1125 0.1
19 0.63515625 0.33203125 0.13515625 0.190625
19 0.50078125 0.26796875 0.090625 0.10078125
19 0.290625 0.0671875 0.075 0.07734375
19 0.446875 0.084375 0.1609375 0.1265625