19 0.35 0.1171875 0.0859375 0.08125
19 0.5203125 0.4453125 0.09453125 0.09765625
19 0.203125 0.496875 0.09375 0.08984375
19 0.071875 0.30546875 0.0953125 0.096875
19 0.34609375 0.81875 0.10859375 0.1109375
19 0.49609375 0.828125 0.08046875 0.07421875
19 0.47265625 0.915625 0.07890625 0.10078125
19 0.36015625 0.96875 0.07734375 0.06171875
19 0.171875 0.93125 0.13125 0.1375
19 0.83828125 0.91875 0.0921875 0.0765625
19 0.77890625 0.6328125 0.05859375 0.0859375
19 0.7921875 0.55390625 0.05234375 0.11796875
19 0.52890625 0.2984375 0.09453125 0.13515625
19 0.1859375 0.1328125 0.14921875 0.09453125