19 0.103125 0.44765625 0.06875 0.0875
19 0.15625 0.7140625 0.11484375 0.13203125
19 0.22109375 0.93203125 0.07734375 0.059375
19 0.14453125 0.978125 0.0703125 0.04296875
19 0.3953125 0.96796875 0.09140625 0.0640625
19 0.56640625 0.8375 0.13203125 0.09296875
19 0.68046875 0.671875 0.059375 0.13046875
19 0.915625 0.9296875 0.16796875 0.140625
19 0.54140625 0.54765625 0.075 0.11640625
19 0.54140625 0.3265625 0.1046875 0.12421875
19 0.46484375 0.2453125 0.10078125 0.09921875
19 0.375 0.56015625 0.0625 0.096875
19 0.2875 0.4046875 0.11015625 0.128125