19 0.2875 0.465625 0.146875 0.1609375
19 0.45546875 0.59140625 0.1109375 0.1625
19 0.3609375 0.29765625 0.13359375 0.121875
19 0.54296875 0.29453125 0.15546875 0.14921875
19 0.79140625 0.2328125 0.15 0.2125
19 0.68671875 0.40078125 0.115625 0.115625
19 0.80078125 0.5265625 0.13203125 0.1140625
19 0.63359375 0.54296875 0.10234375 0.1140625
19 0.74375 0.70234375 0.08125 0.11328125
19 0.5109375 0.8796875 0.11015625 0.1734375
19 0.4 0.94140625 0.096875 0.1
19 0.246875 0.91640625 0.1078125 0.10546875
19 0.2109375 0.775 0.10546875 0.09375
19 0.52265625 0.0921875 0.04453125 0.071875
19 0.67109375 0.1796875 0.10234375 0.13828125
19 0.73515625 0.090625 0.11328125 0.08046875