19 0.43515625 0.14140625 0.11875 0.10703125
19 0.54609375 0.45859375 0.10234375 0.13125
19 0.20859375 0.434375 0.10078125 0.0984375
19 0.128125 0.2640625 0.07421875 0.0703125
19 0.25546875 0.72734375 0.13515625 0.12265625
19 0.40078125 0.7921875 0.12109375 0.17421875
19 0.76640625 0.6296875 0.1078125 0.11328125
19 0.72578125 0.8984375 0.115625 0.1375
19 0.0875 0.16171875 0.08203125 0.103125
19 0.07734375 0.80859375 0.1546875 0.1546875
19 0.23671875 0.86328125 0.11953125 0.13359375
19 0.5609375 0.29765625 0.09921875 0.12890625