19 0.234375 0.25703125 0.10859375 0.09609375
19 0.49609375 0.434375 0.125 0.1578125
19 0.2078125 0.57109375 0.09453125 0.08828125
19 0.5421875 0.7671875 0.265625 0.1234375
19 0.08828125 0.91015625 0.11328125 0.17109375
19 0.3140625 0.87890625 0.15859375 0.12734375
19 0.5875 0.86015625 0.2484375 0.134375
19 0.04765625 0.32890625 0.0953125 0.08359375
19 0.03828125 0.46171875 0.0765625 0.0921875
19 0.80234375 0.49453125 0.1046875 0.14453125
19 0.9390625 0.64921875 0.121875 0.19609375
19 0.41484375 0.303125 0.0671875 0.06640625