19 0.20859375 0.153125 0.06328125 0.075
19 0.25859375 0.06328125 0.0703125 0.08515625
19 0.31328125 0.2109375 0.07265625 0.096875
19 0.32109375 0.36640625 0.12890625 0.14453125
19 0.31796875 0.5328125 0.13828125 0.16875
19 0.16953125 0.4671875 0.15625 0.1671875
19 0.17109375 0.6390625 0.06328125 0.1171875
19 0.30625 0.67578125 0.084375 0.134375
19 0.1671875 0.8 0.121875 0.10703125
19 0.475 0.621875 0.134375 0.08671875
19 0.4375 0.71328125 0.209375 0.1046875
19 0.60546875 0.6109375 0.16484375 0.16484375
19 0.66796875 0.3 0.08203125 0.11953125
19 0.92578125 0.34140625 0.065625 0.10078125
19 0.75 0.5890625 0.096875 0.07890625
19 0.821875 0.6609375 0.0625 0.06796875
19 0.521875 0.8453125 0.084375 0.071875
19 0.609375 0.91640625 0.0984375 0.0609375
19 0.6953125 0.7984375 0.065625 0.05546875
19 0.8203125 0.82734375 0.05625 0.05390625
19 0.646875 0.47109375 0.08828125 0.0671875