19 0.3109375 0.384375 0.075 0.11796875
19 0.4328125 0.3640625 0.09609375 0.109375
19 0.64375 0.2828125 0.10078125 0.084375
19 0.2453125 0.253125 0.06015625 0.07734375
19 0.359375 0.1703125 0.059375 0.0640625
19 0.2546875 0.11875 0.07109375 0.10546875
19 0.41171875 0.23671875 0.090625 0.07421875
19 0.32265625 0.321875 0.07578125 0.07734375
19 0.1953125 0.54375 0.1109375 0.11875
19 0.08671875 0.63671875 0.08828125 0.08671875
19 0.48671875 0.6953125 0.0921875 0.11015625
19 0.52265625 0.5015625 0.0515625 0.071875
19 0.6078125 0.59609375 0.0734375 0.09375
19 0.69375 0.54609375 0.06640625 0.0953125
19 0.59453125 0.7078125 0.0734375 0.0640625
19 0.1765625 0.3125 0.06328125 0.0625
19 0.11640625 0.2640625 0.05078125 0.06171875
19 0.040625 0.4734375 0.0625 0.075
19 0.56875 0.246875 0.04453125 0.0984375
19 0.7328125 0.9140625 0.13046875 0.1046875