19 0.1984375 0.290625 0.11484375 0.13046875
19 0.0859375 0.603125 0.07890625 0.12265625
19 0.2328125 0.60234375 0.15390625 0.15546875
19 0.321875 0.54609375 0.1125 0.16171875
19 0.4140625 0.659375 0.0953125 0.11640625
19 0.415625 0.88046875 0.09140625 0.115625
19 0.509375 0.503125 0.16328125 0.184375
19 0.66328125 0.5 0.1625 0.21796875
19 0.67109375 0.72109375 0.1703125 0.165625
19 0.35625 0.3609375 0.14296875 0.103125
19 0.43046875 0.078125 0.125 0.15625
19 0.2515625 0.0390625 0.07421875 0.078125
19 0.8421875 0.3578125 0.10234375 0.13359375
19 0.40625 0.23515625 0.07890625 0.11640625
19 0.3390625 0.11171875 0.05234375 0.08046875
19 0.103125 0.14453125 0.0765625 0.06484375
19 0.53203125 0.86328125 0.059375 0.07421875