19 0.40234375 0.14140625 0.05 0.10703125
19 0.36875 0.2140625 0.071875 0.06953125
19 0.33203125 0.02734375 0.0625 0.0546875
19 0.49375 0.2078125 0.06953125 0.09921875
19 0.53203125 0.353125 0.10859375 0.11796875
19 0.35625 0.39765625 0.14765625 0.14296875
19 0.54375 0.68828125 0.17265625 0.11796875
19 0.3171875 0.76953125 0.08359375 0.13984375
19 0.39921875 0.93359375 0.046875 0.065625
19 0.53984375 0.934375 0.08203125 0.078125
19 0.08671875 0.6828125 0.0625 0.08984375
19 0.14765625 0.915625 0.0796875 0.0890625