19 0.8390625 0.109375 0.08203125 0.084375
19 0.75078125 0.7796875 0.06953125 0.10078125
19 0.9140625 0.7421875 0.09453125 0.2265625
19 0.93515625 0.475 0.1296875 0.1671875
19 0.22421875 0.471875 0.15078125 0.19609375
19 0.3484375 0.59140625 0.2125 0.25234375
19 0.1359375 0.653125 0.23828125 0.18203125
19 0.384375 0.78125 0.25546875 0.1921875
19 0.2953125 0.85546875 0.0953125 0.10234375
19 0.334375 0.9578125 0.0703125 0.084375
19 0.52421875 0.6046875 0.0921875 0.17109375
19 0.6015625 0.646875 0.1578125 0.203125
19 0.69296875 0.51484375 0.14765625 0.18828125
19 0.82265625 0.4125 0.11171875 0.1328125
19 0.6046875 0.3609375 0.0890625 0.103125
19 0.87265625 0.23046875 0.10859375 0.1171875