19 0.540625 0.2515625 0.14296875 0.1421875
19 0.2515625 0.48515625 0.0984375 0.0953125
19 0.38828125 0.42109375 0.14765625 0.14921875
19 0.51875 0.4828125 0.11171875 0.090625
19 0.63984375 0.5203125 0.1046875 0.0875
19 0.56640625 0.684375 0.0875 0.09921875
19 0.6828125 0.6375 0.075 0.0796875
19 0.43984375 0.85546875 0.06796875 0.12578125
19 0.46171875 0.7546875 0.05625 0.05390625
19 0.2015625 0.66328125 0.12421875 0.13828125
19 0.1703125 0.8296875 0.09140625 0.0765625
19 0.05234375 0.69609375 0.053125 0.08203125
19 0.040625 0.53984375 0.08125 0.0890625
19 0.175 0.4109375 0.13515625 0.10703125
19 0.21328125 0.2265625 0.08046875 0.08359375
19 0.27578125 0.30078125 0.06484375 0.071875
19 0.4125 0.22265625 0.10390625 0.0796875
19 0.08359375 0.27265625 0.0859375 0.08671875
19 0.2265625 0.0953125 0.07734375 0.07421875