19 0.284375 0.25859375 0.1484375 0.1375
19 0.153125 0.46171875 0.07890625 0.07734375
19 0.26796875 0.4828125 0.1078125 0.09765625
19 0.3234375 0.58046875 0.0921875 0.10703125
19 0.23828125 0.76640625 0.09296875 0.08125
19 0.39140625 0.79375 0.0421875 0.046875
19 0.62265625 0.72578125 0.0953125 0.1
19 0.5234375 0.503125 0.09921875 0.1015625
19 0.66171875 0.5453125 0.1296875 0.14140625
19 0.9171875 0.47265625 0.1390625 0.11484375
19 0.584375 0.12109375 0.05546875 0.08515625
19 0.425 0.290625 0.1421875 0.07734375
19 0.91953125 0.140625 0.07890625 0.09453125