19 0.5390625 0.37421875 0.08046875 0.153125
19 0.72109375 0.1375 0.11015625 0.11484375
19 0.60078125 0.20859375 0.0703125 0.05625
19 0.67734375 0.21328125 0.078125 0.0578125
19 0.76171875 0.3765625 0.10234375 0.20546875
19 0.69765625 0.5375 0.08203125 0.0921875
19 0.61484375 0.65234375 0.146875 0.06796875
19 0.26328125 0.63359375 0.12890625 0.3140625
19 0.3890625 0.80390625 0.23828125 0.18515625
19 0.43984375 0.65859375 0.15390625 0.17421875
19 0.37109375 0.40390625 0.11328125 0.10390625
19 0.059375 0.86953125 0.11796875 0.1046875
19 0.82265625 0.840625 0.071875 0.06953125
19 0.48984375 0.2421875 0.14296875 0.1