19 0.06171875 0.30234375 0.115625 0.109375
19 0.2265625 0.46015625 0.10390625 0.14921875
19 0.16484375 0.4921875 0.09140625 0.090625
19 0.10625 0.603125 0.13359375 0.12265625
19 0.10703125 0.75234375 0.2140625 0.1234375
19 0.2671875 0.80078125 0.14765625 0.109375
19 0.26171875 0.9109375 0.0875 0.0921875
19 0.3796875 0.94921875 0.1640625 0.10078125
19 0.3234375 0.61328125 0.1515625 0.1578125
19 0.3703125 0.7328125 0.11953125 0.121875
19 0.58671875 0.7296875 0.19921875 0.2578125
19 0.6671875 0.5734375 0.1546875 0.1984375
19 0.596875 0.3109375 0.175 0.18203125
19 0.9328125 0.3859375 0.134375 0.128125
19 0.7828125 0.84453125 0.10390625 0.1265625
19 0.92734375 0.871875 0.06171875 0.12890625
19 0.928125 0.69609375 0.13515625 0.11640625
19 0.75703125 0.43046875 0.11796875 0.16015625
19 0.85078125 0.3109375 0.1203125 0.140625
19 0.89296875 0.159375 0.20546875 0.1875