19 0.25390625 0.43203125 0.14765625 0.16875
19 0.125 0.58671875 0.11328125 0.14921875
19 0.0875 0.7578125 0.175 0.125
19 0.7015625 0.61484375 0.09765625 0.08984375
19 0.403125 0.6734375 0.1140625 0.159375
19 0.55234375 0.81640625 0.0890625 0.1109375
19 0.41875 0.9015625 0.09296875 0.10859375
19 0.68828125 0.4421875 0.10078125 0.0984375
19 0.79375 0.53515625 0.11328125 0.12109375
19 0.6765625 0.13203125 0.06953125 0.0515625
19 0.696875 0.3125 0.07734375 0.06953125
19 0.7640625 0.2703125 0.08046875 0.1015625
19 0.840625 0.1796875 0.078125 0.1171875