7 0.4078125 0.225 0.13828125 0.13984375
7 0.56015625 0.2265625 0.07421875 0.125
7 0.615625 0.42890625 0.08828125 0.1609375
7 0.34921875 0.41875 0.10625 0.121875
7 0.31640625 0.5359375 0.09375 0.10703125
7 0.1953125 0.44296875 0.1484375 0.103125
7 0.159375 0.5546875 0.13671875 0.1296875
7 0.28203125 0.75390625 0.11796875 0.18984375
7 0.13671875 0.90390625 0.1796875 0.1921875
7 0.38828125 0.91015625 0.2515625 0.13046875
7 0.63046875 0.58203125 0.14140625 0.11015625
7 0.45546875 0.09453125 0.03671875 0.046875
7 0.74765625 0.1875 0.10078125 0.11015625