20 0.27265625 0.3421875 0.11015625 0.1765625
20 0.2953125 0.5140625 0.11015625 0.153125
20 0.56328125 0.38125 0.1890625 0.21796875
20 0.66484375 0.0859375 0.16484375 0.17109375
20 0.8359375 0.07890625 0.07578125 0.09765625
20 0.8953125 0.29296875 0.12421875 0.153125
20 0.88125 0.45 0.19296875 0.22890625
20 0.84375 0.678125 0.19453125 0.1734375
20 0.484375 0.80078125 0.1390625 0.1640625
20 0.35859375 0.865625 0.14765625 0.1859375
20 0.3375 0.65625 0.07578125 0.0921875
20 0.14140625 0.81484375 0.140625 0.17421875
20 0.7578125 0.9390625 0.140625 0.12109375