19 0.1390625 0.3046875 0.11015625 0.1203125
19 0.39609375 0.0734375 0.12578125 0.10078125
19 0.13203125 0.5484375 0.0734375 0.08125
19 0.27265625 0.53125 0.07734375 0.08671875
19 0.3515625 0.63046875 0.1125 0.12109375
19 0.39921875 0.8625 0.121875 0.0609375
19 0.51640625 0.4890625 0.08046875 0.140625
19 0.69296875 0.49921875 0.16875 0.153125
19 0.69296875 0.6796875 0.13203125 0.1265625
19 0.375 0.24375 0.0609375 0.1328125
19 0.3 0.3203125 0.12734375 0.07421875
19 0.90390625 0.37265625 0.1265625 0.13828125
19 0.1859375 0.0390625 0.08203125 0.078125