19 0.35 0.259375 0.11640625 0.1359375
19 0.36796875 0.4625 0.13671875 0.12890625
19 0.5640625 0.246875 0.20234375 0.1515625
19 0.67578125 0.4171875 0.14296875 0.09375
19 0.73671875 0.52265625 0.1078125 0.1296875
19 0.87421875 0.4828125 0.16640625 0.23515625
19 0.828125 0.65078125 0.10390625 0.09140625
19 0.93125 0.696875 0.0515625 0.071875
19 0.9546875 0.796875 0.08984375 0.15625
19 0.95 0.88203125 0.08046875 0.05546875
19 0.79765625 0.85859375 0.16328125 0.11328125
19 0.52890625 0.82421875 0.18359375 0.140625
19 0.59375 0.7140625 0.11328125 0.0875
19 0.4875 0.121875 0.09375 0.10859375
19 0.171875 0.33671875 0.08671875 0.11015625
19 0.3203125 0.59453125 0.12734375 0.1359375