19 0.2046875 0.296875 0.0890625 0.10546875
19 0.15625 0.41484375 0.08515625 0.11796875
19 0.028125 0.64453125 0.05546875 0.08671875
19 0.39609375 0.6640625 0.09609375 0.11015625
19 0.38125 0.73828125 0.12578125 0.08046875
19 0.58125 0.8671875 0.11796875 0.14453125
19 0.78515625 0.64609375 0.15703125 0.115625
19 0.77265625 0.4296875 0.05703125 0.04296875
19 0.92109375 0.52421875 0.0671875 0.05390625
19 0.7828125 0.2171875 0.059375 0.065625
19 0.875 0.0703125 0.07578125 0.11015625
19 0.6484375 0.0234375 0.0796875 0.04609375