19 0.1125 0.2359375 0.0796875 0.103125
19 0.2390625 0.1890625 0.13203125 0.16953125
19 0.540625 0.221875 0.19921875 0.14921875
19 0.39453125 0.39453125 0.14609375 0.13671875
19 0.2734375 0.46953125 0.14921875 0.1234375
19 0.22734375 0.6953125 0.14140625 0.128125
19 0.21171875 0.85390625 0.125 0.06953125
19 0.43671875 0.8875 0.0953125 0.0671875
19 0.51953125 0.50390625 0.128125 0.10625
19 0.6296875 0.53828125 0.0953125 0.11640625
19 0.68828125 0.65234375 0.115625 0.11796875
19 0.60234375 0.7578125 0.1890625 0.18671875
19 0.6953125 0.46484375 0.10703125 0.14453125
19 0.09609375 0.5046875 0.1890625 0.17890625
19 0.2 0.3828125 0.14609375 0.11796875
19 0.08828125 0.69296875 0.128125 0.09765625
19 0.31953125 0.0421875 0.1 0.0796875