19 0.3109375 0.0703125 0.0421875 0.03984375
19 0.36015625 0.17421875 0.0875 0.125
19 0.35625 0.25234375 0.1015625 0.0578125
19 0.48828125 0.24296875 0.06875 0.08671875
19 0.540625 0.37734375 0.0984375 0.0734375
19 0.35625 0.4328125 0.0984375 0.12890625
19 0.3203125 0.76171875 0.09296875 0.14296875
19 0.5015625 0.6734375 0.06953125 0.04375
19 0.5765625 0.65859375 0.04765625 0.0703125
19 0.56953125 0.90390625 0.040625 0.0953125
19 0.41328125 0.9171875 0.07578125 0.08046875
19 0.178125 0.92265625 0.0765625 0.0625
19 0.23515625 0.97578125 0.0578125 0.0484375
19 0.09609375 0.69921875 0.04375 0.07734375