19 0.13671875 0.3015625 0.09921875 0.12265625
19 0.18515625 0.04921875 0.09140625 0.0984375
19 0.39140625 0.0578125 0.1296875 0.115625
19 0.15 0.55625 0.09609375 0.08984375
19 0.2859375 0.5234375 0.07734375 0.096875
19 0.35859375 0.63203125 0.14765625 0.1171875
19 0.3859375 0.8546875 0.06875 0.09140625
19 0.5109375 0.47578125 0.11015625 0.15078125
19 0.68203125 0.50390625 0.16328125 0.1703125
19 0.71015625 0.69375 0.1140625 0.12890625
19 0.35078125 0.3359375 0.09921875 0.10859375
19 0.92265625 0.35703125 0.09296875 0.0875