19 0.271875 0.7140625 0.04921875 0.1109375
19 0.365625 0.80625 0.0546875 0.07578125
19 0.44375 0.6015625 0.06875 0.0796875
19 0.60625 0.59453125 0.0625 0.0828125
19 0.5984375 0.67109375 0.06953125 0.08046875
19 0.4890625 0.8625 0.1 0.06484375
19 0.6078125 0.80078125 0.0921875 0.08671875
19 0.23359375 0.47734375 0.07734375 0.1203125
19 0.29921875 0.46484375 0.04765625 0.08046875
19 0.4 0.41328125 0.03359375 0.0703125
19 0.3890625 0.31328125 0.053125 0.07890625
19 0.29375 0.32265625 0.0625 0.08359375
19 0.22265625 0.315625 0.0703125 0.06875
19 0.4234375 0.23125 0.08828125 0.04921875