19 0.27734375 0.2609375 0.03828125 0.034375
19 0.3203125 0.29375 0.06328125 0.06171875
19 0.43515625 0.27890625 0.0859375 0.10625
19 0.4859375 0.1890625 0.07578125 0.0984375
19 0.6046875 0.609375 0.04765625 0.0609375
19 0.5671875 0.68984375 0.10390625 0.084375
19 0.21640625 0.6828125 0.0765625 0.075
19 0.26875 0.81171875 0.06171875 0.09375
19 0.40546875 0.88671875 0.1515625 0.06875
19 0.41484375 0.5671875 0.0484375 0.07734375
19 0.4203125 0.3765625 0.04765625 0.09296875
19 0.31015625 0.42109375 0.0953125 0.11328125
19 0.21328125 0.428125 0.0921875 0.1640625