19 0.37421875 0.21953125 0.09375 0.1296875
19 0.559375 0.3296875 0.0875 0.096875
19 0.69609375 0.35625 0.09375 0.10546875
19 0.4796875 0.51640625 0.07734375 0.08359375
19 0.38984375 0.60546875 0.10546875 0.07890625
19 0.39140625 0.73515625 0.05703125 0.06015625
19 0.4984375 0.725 0.11484375 0.08359375
19 0.7921875 0.58984375 0.10078125 0.1
19 0.859375 0.69765625 0.11875 0.078125
19 0.81484375 0.47421875 0.07890625 0.08828125
19 0.953125 0.51796875 0.0765625 0.08671875
19 0.78046875 0.23828125 0.09140625 0.07734375
19 0.728125 0.28125 0.08671875 0.07421875
19 0.93125 0.3265625 0.07265625 0.1125
19 0.91640625 0.2484375 0.09609375 0.08671875
19 0.6625 0.090625 0.08671875 0.125
19 0.78984375 0.065625 0.11796875 0.0890625
19 0.66328125 0.23125 0.09921875 0.1203125
19 0.4953125 0.18671875 0.1234375 0.10546875