19 0.3125 0.1421875 0.11640625 0.09375
19 0.453125 0.33515625 0.05390625 0.0921875
19 0.30859375 0.39140625 0.07734375 0.190625
19 0.36328125 0.56015625 0.0515625 0.08203125
19 0.41484375 0.6546875 0.0703125 0.07265625
19 0.52734375 0.68046875 0.0984375 0.125
19 0.6265625 0.81796875 0.253125 0.16875
19 0.68359375 0.5921875 0.18046875 0.328125
19 0.58203125 0.36875 0.09296875 0.1
19 0.41484375 0.953125 0.1640625 0.09375
19 0.90546875 0.8625 0.1890625 0.1359375
19 0.453125 0.21171875 0.17265625 0.0984375