19 0.26796875 0.14140625 0.1015625 0.1140625
19 0.309375 0.596875 0.10546875 0.1515625
19 0.475 0.51796875 0.11640625 0.11640625
19 0.4421875 0.74296875 0.0890625 0.075
19 0.7015625 0.559375 0.10859375 0.08359375
19 0.7390625 0.43984375 0.0640625 0.07890625
19 0.54140625 0.2859375 0.14140625 0.08046875
19 0.6921875 0.221875 0.12265625 0.1125
19 0.8796875 0.39609375 0.0890625 0.0953125
19 0.86953125 0.7109375 0.08671875 0.1046875
19 0.46953125 0.0609375 0.1171875 0.121875
19 0.85 0.48125 0.04453125 0.06796875
19 0.584375 0.5703125 0.09375 0.09453125