19 0.1515625 0.46484375 0.07578125 0.1
19 0.1796875 0.8359375 0.09609375 0.115625
19 0.303125 0.81171875 0.05234375 0.1390625
19 0.0546875 0.61796875 0.10234375 0.115625
19 0.15078125 0.66015625 0.059375 0.0765625
19 0.37265625 0.62109375 0.23515625 0.29375
19 0.5609375 0.79140625 0.13203125 0.14140625
19 0.621875 0.8234375 0.13828125 0.1328125
19 0.63359375 0.60703125 0.0875 0.11640625
19 0.56796875 0.684375 0.1125 0.0875
19 0.671875 0.72578125 0.10390625 0.1296875
19 0.853125 0.64921875 0.16640625 0.0953125
19 0.70234375 0.46640625 0.10546875 0.128125
19 0.796875 0.46484375 0.07265625 0.1
19 0.94765625 0.359375 0.0875 0.10390625
19 0.94921875 0.2265625 0.1015625 0.1171875
19 0.428125 0.36953125 0.115625 0.14296875
19 0.1859375 0.34609375 0.078125 0.0484375
19 0.18515625 0.21640625 0.06875 0.0640625
19 0.2015625 0.0921875 0.0765625 0.05390625