19 0.4859375 0.3015625 0.0859375 0.06015625
19 0.56015625 0.33984375 0.053125 0.07265625
19 0.546875 0.4078125 0.07890625 0.07109375
19 0.2875 0.703125 0.128125 0.434375
19 0.53984375 0.746875 0.16796875 0.1234375
19 0.659375 0.66796875 0.11328125 0.08984375
19 0.4515625 0.903125 0.2671875 0.15
19 0.45546875 0.59765625 0.15859375 0.16796875
19 0.56015625 0.1078125 0.17890625 0.05546875
19 0.64375 0.0234375 0.09375 0.04609375
19 0.71015625 0.38203125 0.121875 0.3796875
19 0.43359375 0.1484375 0.10078125 0.1203125
19 0.77265625 0.72734375 0.06875 0.08828125
19 0.8765625 0.8984375 0.10859375 0.1328125
19 0.7296875 0.9 0.12109375 0.15078125