19 0.0328125 0.3421875 0.065625 0.06953125
19 0.140625 0.640625 0.0796875 0.04921875
19 0.1640625 0.8546875 0.1125 0.06015625
19 0.47109375 0.8625 0.10546875 0.1125
19 0.3640625 0.9296875 0.06640625 0.0609375
19 0.29765625 0.8140625 0.04140625 0.05390625
19 0.44765625 0.6671875 0.29609375 0.221875
19 0.38671875 0.440625 0.18203125 0.2109375
19 0.8265625 0.16484375 0.06796875 0.07890625
19 0.6921875 0.18828125 0.09296875 0.0671875
19 0.66796875 0.47265625 0.134375 0.36796875
19 0.77890625 0.5765625 0.0953125 0.11796875
19 0.7390625 0.7109375 0.07578125 0.11484375
19 0.88359375 0.7609375 0.0703125 0.059375
19 0.86484375 0.63984375 0.0515625 0.0625
19 0.84609375 0.43984375 0.2078125 0.19453125
19 0.7703125 0.04375 0.08515625 0.0875