19 0.253125 0.36328125 0.0828125 0.07421875
19 0.36171875 0.4359375 0.11328125 0.08671875
19 0.46796875 0.5328125 0.09453125 0.075
19 0.52890625 0.71484375 0.15078125 0.171875
19 0.60234375 0.878125 0.11484375 0.1671875
19 0.709375 0.93515625 0.090625 0.06875
19 0.8421875 0.9578125 0.10234375 0.08125
19 0.65078125 0.62890625 0.13359375 0.11484375
19 0.8265625 0.628125 0.11640625 0.08671875
19 0.66328125 0.4421875 0.20390625 0.08359375
19 0.875 0.36171875 0.10234375 0.1015625
19 0.853125 0.45078125 0.0953125 0.08203125
19 0.9390625 0.6796875 0.0890625 0.14140625
19 0.42734375 0.16328125 0.14375 0.18046875