19 0.471875 0.359375 0.1171875 0.11875
19 0.67109375 0.16328125 0.09921875 0.15
19 0.73125 0.26640625 0.07890625 0.0890625
19 0.784375 0.48046875 0.059375 0.08203125
19 0.921875 0.57109375 0.12109375 0.140625
19 0.8703125 0.76171875 0.25703125 0.13515625
19 0.6328125 0.5609375 0.11640625 0.0984375
19 0.46015625 0.4984375 0.05703125 0.10703125
19 0.2421875 0.5703125 0.10859375 0.16953125
19 0.3671875 0.7328125 0.12734375 0.1265625
19 0.4765625 0.85234375 0.053125 0.0703125
19 0.56171875 0.93515625 0.08515625 0.09140625
19 0.70390625 0.9375 0.13984375 0.1078125