7 0.04921875 0.13359375 0.0984375 0.15546875
7 0.19921875 0.1328125 0.1265625 0.171875
7 0.31484375 0.23359375 0.1203125 0.14296875
7 0.234375 0.2734375 0.13046875 0.140625
7 0.4640625 0.3375 0.1203125 0.215625
7 0.5703125 0.31484375 0.0953125 0.14140625
7 0.56640625 0.446875 0.15078125 0.10390625
7 0.67265625 0.4078125 0.0625 0.11953125
7 0.73046875 0.5015625 0.15859375 0.1875
7 0.81015625 0.8234375 0.1328125 0.20546875
7 0.4765625 0.90859375 0.14609375 0.15390625
7 0.05625 0.5703125 0.1125 0.109375