19 0.10234375 0.43046875 0.096875 0.09765625
19 0.27734375 0.41796875 0.0890625 0.0953125
19 0.36171875 0.53671875 0.08046875 0.1125
19 0.115625 0.62890625 0.10859375 0.096875
19 0.028125 0.6234375 0.05546875 0.06953125
19 0.140625 0.87421875 0.1578125 0.1
19 0.26953125 0.9109375 0.06640625 0.08671875
19 0.39296875 0.878125 0.05703125 0.08125
19 0.52734375 0.778125 0.11015625 0.11640625
19 0.68046875 0.6625 0.08515625 0.1421875
19 0.571875 0.36875 0.06875 0.08203125
19 0.48203125 0.31640625 0.08671875 0.11484375
19 0.51484375 0.090625 0.09296875 0.065625
19 0.88046875 0.86953125 0.090625 0.09453125