19 0.375 0.3234375 0.09921875 0.11484375
19 0.34375 0.4125 0.11875 0.125
19 0.33828125 0.6265625 0.10703125 0.125
19 0.434375 0.784375 0.090625 0.0765625
19 0.64453125 0.7 0.19140625 0.10859375
19 0.50390625 0.49140625 0.04375 0.07109375
19 0.59296875 0.446875 0.08515625 0.0921875
19 0.8203125 0.35390625 0.0890625 0.08671875
19 0.76640625 0.23125 0.18203125 0.0671875
19 0.4890625 0.2484375 0.0734375 0.065625
19 0.8484375 0.0875 0.0828125 0.078125
19 0.753125 0.040625 0.15625 0.08125
19 0.47421875 0.0484375 0.0671875 0.03984375
19 0.5796875 0.01953125 0.14765625 0.0390625