19 0.2765625 0.44296875 0.15546875 0.1296875
19 0.38046875 0.56953125 0.1171875 0.08515625
19 0.32578125 0.6421875 0.1265625 0.13359375
19 0.209375 0.55390625 0.09140625 0.1328125
19 0.4921875 0.30703125 0.15078125 0.11171875
19 0.6703125 0.4265625 0.08671875 0.11484375
19 0.628125 0.52265625 0.10234375 0.121875
19 0.696875 0.66875 0.13984375 0.15078125
19 0.875 0.61640625 0.19921875 0.20859375
19 0.95 0.46640625 0.1 0.1390625
19 0.778125 0.221875 0.19765625 0.16015625
19 0.96171875 0.22578125 0.0765625 0.1265625