19 0.45 0.425 0.11015625 0.19140625
19 0.77109375 0.4828125 0.06875 0.1421875
19 0.6015625 0.175 0.14296875 0.1
19 0.7828125 0.18046875 0.07734375 0.0703125
19 0.896875 0.203125 0.11171875 0.05859375
19 0.87265625 0.32734375 0.07421875 0.09609375
19 0.50703125 0.78046875 0.0875 0.1125
19 0.6484375 0.73984375 0.11796875 0.06875
19 0.6421875 0.871875 0.0859375 0.0875
19 0.8265625 0.83125 0.14609375 0.14765625
19 0.97578125 0.75859375 0.0484375 0.0890625
19 0.240625 0.60703125 0.0640625 0.11953125
19 0.2109375 0.81640625 0.1390625 0.1953125
19 0.46015625 0.27421875 0.0984375 0.0890625