19 0.46171875 0.4671875 0.08671875 0.1046875
19 0.73125 0.49921875 0.12265625 0.0859375
19 0.52421875 0.77734375 0.2296875 0.1
19 0.5640625 0.8921875 0.1875 0.13203125
19 0.734375 0.9 0.11484375 0.15078125
19 0.8984375 0.84609375 0.11953125 0.165625
19 0.496875 0.31875 0.11171875 0.1671875
19 0.66484375 0.18046875 0.2578125 0.08515625
19 0.84921875 0.26484375 0.1140625 0.1046875
19 0.82578125 0.34609375 0.09296875 0.0734375
19 0.28203125 0.60859375 0.0703125 0.1375
19 0.2359375 0.8375 0.0671875 0.1046875