19 0.40234375 0.66953125 0.28828125 0.278125
19 0.4578125 0.55 0.153125 0.24765625
19 0.86328125 0.1109375 0.1078125 0.10234375
19 0.7078125 0.334375 0.12421875 0.31875
19 0.684375 0.575 0.11796875 0.234375
19 0.790625 0.609375 0.1078125 0.16171875
19 0.87578125 0.6875 0.0671875 0.125
19 0.91484375 0.8859375 0.09609375 0.11875
19 0.45625 0.9125 0.1203125 0.0796875
19 0.1171875 0.6515625 0.0734375 0.1265625
19 0.1 0.8671875 0.0546875 0.05546875
19 0.30234375 0.96171875 0.0921875 0.0703125
19 0.70703125 0.73984375 0.07109375 0.05390625
19 0.2859375 0.36875 0.0953125 0.1046875
19 0.32578125 0.2578125 0.0453125 0.06171875
19 0.025 0.27265625 0.05 0.1015625
19 0.0328125 0.42109375 0.065625 0.08671875