19 0.3015625 0.190625 0.11171875 0.1046875
19 0.1 0.3921875 0.08046875 0.09921875
19 0.21875 0.43984375 0.0609375 0.10234375
19 0.3109375 0.46171875 0.08203125 0.10078125
19 0.3421875 0.5890625 0.1 0.11015625
19 0.2859375 0.8 0.06953125 0.08203125
19 0.5015625 0.509375 0.121875 0.11328125
19 0.6359375 0.5625 0.12578125 0.1609375
19 0.58203125 0.7515625 0.1109375 0.09609375
19 0.4546875 0.2875 0.12109375 0.0765625
19 0.596875 0.0859375 0.10078125 0.12265625
19 0.4421875 0.03203125 0.065625 0.0640625
19 0.846875 0.51796875 0.128125 0.109375
19 0.86484375 0.046875 0.1671875 0.09375