19 0.215625 0.2328125 0.1890625 0.1484375
19 0.46953125 0.28203125 0.12421875 0.1125
19 0.32890625 0.41953125 0.13359375 0.075
19 0.3828125 0.525 0.13671875 0.1078125
19 0.15859375 0.559375 0.23984375 0.16171875
19 0.33046875 0.6609375 0.125 0.11953125
19 0.19765625 0.67734375 0.15 0.10390625
19 0.03828125 0.646875 0.0765625 0.084375
19 0.6375 0.62109375 0.159375 0.1296875
19 0.68671875 0.41796875 0.19375 0.146875
19 0.76640625 0.53984375 0.13125 0.153125
19 0.5890625 0.28359375 0.1109375 0.1234375