19 0.45078125 0.7109375 0.1203125 0.20390625
19 0.52421875 0.909375 0.10703125 0.1484375
19 0.70390625 0.95625 0.1265625 0.0875
19 0.8546875 0.67265625 0.0765625 0.13125
19 0.6140625 0.58515625 0.07421875 0.10625
19 0.68359375 0.74921875 0.08359375 0.109375
19 0.84921875 0.85390625 0.0875 0.1078125
19 0.50390625 0.1625 0.05859375 0.115625
19 0.409375 0.04609375 0.078125 0.0875
19 0.6390625 0.21484375 0.08828125 0.1203125
19 0.5625 0.32421875 0.0609375 0.075
19 0.71328125 0.34765625 0.0984375 0.1109375
19 0.7859375 0.29375 0.08671875 0.159375
19 0.69765625 0.13125 0.0671875 0.0828125