19 0.5125 0.23046875 0.13984375 0.1171875
19 0.371875 0.4171875 0.1328125 0.1453125
19 0.25078125 0.5078125 0.08203125 0.07421875
19 0.2125 0.66875 0.08203125 0.09453125
19 0.26015625 0.7484375 0.05859375 0.06015625
19 0.2421875 0.87890625 0.153125 0.04921875
19 0.58359375 0.7015625 0.07421875 0.07734375
19 0.5609375 0.525 0.1171875 0.08671875
19 0.6578125 0.53828125 0.065625 0.08671875
19 0.7046875 0.640625 0.06171875 0.05625
19 0.15546875 0.45390625 0.103125 0.09921875
19 0.20546875 0.3015625 0.11015625 0.0703125
19 0.25859375 0.325 0.0671875 0.06171875
19 0.08515625 0.30703125 0.0953125 0.10703125
19 0.0765625 0.7328125 0.07890625 0.0921875
19 0.2453125 0.0875 0.0546875 0.0515625
19 0.21328125 0.25078125 0.08828125 0.0796875
19 0.39765625 0.23515625 0.07734375 0.08671875
19 0.4890625 0.7734375 0.05859375 0.08125
19 0.46328125 0.86328125 0.053125 0.059375