19 0.44375 0.29453125 0.08671875 0.1046875
19 0.42421875 0.371875 0.0453125 0.0625
19 0.34375 0.28671875 0.0515625 0.08125
19 0.2875 0.2609375 0.05078125 0.05234375
19 0.23984375 0.42265625 0.0890625 0.09609375
19 0.21171875 0.69140625 0.07109375 0.15078125
19 0.28125 0.8140625 0.05234375 0.090625
19 0.5828125 0.671875 0.09453125 0.16015625
19 0.4234375 0.5765625 0.109375 0.1296875
19 0.38046875 0.88984375 0.09453125 0.071875
19 0.5234375 0.809375 0.05390625 0.12578125
19 0.37265625 0.42109375 0.05625 0.1015625
19 0.50625 0.2015625 0.0828125 0.09375