19 0.190625 0.37109375 0.19921875 0.21015625
19 0.29140625 0.48203125 0.0875 0.09609375
19 0.3984375 0.375 0.1234375 0.128125
19 0.6296875 0.471875 0.13671875 0.16953125
19 0.50546875 0.11015625 0.20703125 0.196875
19 0.65703125 0.1921875 0.10859375 0.16015625
19 0.56796875 0.0453125 0.1203125 0.090625
19 0.18125 0.63359375 0.15390625 0.16171875
19 0.21171875 0.88515625 0.07109375 0.07265625
19 0.35234375 0.93828125 0.15390625 0.1234375
19 0.32578125 0.60078125 0.071875 0.08828125
19 0.4375 0.83984375 0.1609375 0.1953125
19 0.87265625 0.253125 0.115625 0.178125