7 0.109375 0.0359375 0.1296875 0.071875
7 0.27734375 0.04609375 0.0890625 0.08046875
7 0.26640625 0.17734375 0.09375 0.11875
7 0.39765625 0.17890625 0.1484375 0.178125
7 0.584375 0.478125 0.16484375 0.125
7 0.62421875 0.31875 0.11796875 0.115625
7 0.68828125 0.434375 0.0890625 0.08359375
7 0.73984375 0.5703125 0.13984375 0.12421875
7 0.75390625 0.8953125 0.090625 0.11171875
7 0.04375 0.4703125 0.08671875 0.1171875
7 0.11328125 0.5765625 0.0890625 0.1
7 0.353125 0.7953125 0.10390625 0.109375
7 0.37890625 0.9328125 0.10625 0.08359375