19 0.3375 0.2640625 0.13515625 0.09140625
19 0.4140625 0.134375 0.11796875 0.121875
19 0.2140625 0.12265625 0.06015625 0.0515625
19 0.28359375 0.4234375 0.109375 0.0796875
19 0.2421875 0.5625 0.1234375 0.1015625
19 0.12734375 0.46640625 0.06171875 0.0796875
19 0.37890625 0.6859375 0.06171875 0.0609375
19 0.35390625 0.7625 0.071875 0.0703125
19 0.475 0.890625 0.09453125 0.06875
19 0.5546875 0.65859375 0.1234375 0.14140625
19 0.8125 0.4375 0.09921875 0.17890625
19 0.91015625 0.6390625 0.090625 0.13046875
19 0.9390625 0.8078125 0.09609375 0.1