19 0.31796875 0.32421875 0.17109375 0.14140625
19 0.54140625 0.25546875 0.096875 0.1609375
19 0.28203125 0.60234375 0.15078125 0.14375
19 0.35703125 0.7296875 0.0703125 0.07109375
19 0.6203125 0.7296875 0.16484375 0.10859375
19 0.51875 0.49375 0.07890625 0.06015625
19 0.66953125 0.4796875 0.11484375 0.1296875
19 0.93125 0.4203125 0.0875 0.103125
19 0.87265625 0.27265625 0.12421875 0.14296875
19 0.978125 0.3125 0.04375 0.03984375
19 0.92421875 0.103125 0.1515625 0.09453125
19 0.5609375 0.06015625 0.07578125 0.04921875