19 0.44921875 0.04296875 0.1015625 0.0859375
19 0.4765625 0.14453125 0.0828125 0.0953125
19 0.57109375 0.23671875 0.096875 0.0859375
19 0.56484375 0.39453125 0.0796875 0.10703125
19 0.39609375 0.3921875 0.10390625 0.11796875
19 0.4859375 0.65078125 0.1421875 0.0953125
19 0.27109375 0.65703125 0.08046875 0.11171875
19 0.2921875 0.82734375 0.09296875 0.11015625
19 0.4203125 0.8796875 0.1265625 0.08046875
19 0.08125 0.77109375 0.08515625 0.1015625
19 0.06796875 0.559375 0.09140625 0.11015625
19 0.459375 0.2203125 0.08203125 0.06796875