16 0.39921875 0.553125 0.7234375 0.85703125
16 0.41640625 0.50390625 0.0828125 0.17421875
16 0.45 0.64296875 0.17890625 0.15859375
16 0.4953125 0.81796875 0.09609375 0.178125
16 0.6046875 0.7875 0.07734375 0.17109375
16 0.61953125 0.91875 0.0796875 0.1421875
16 0.70703125 0.7828125 0.08515625 0.15859375
16 0.90859375 0.7265625 0.14140625 0.23359375
16 0.8171875 0.81328125 0.09765625 0.15703125
16 0.87578125 0.27890625 0.09765625 0.30078125
16 0.9640625 0.1453125 0.053125 0.19765625
16 0.54453125 0.084375 0.30546875 0.16875