16 0.30078125 0.21953125 0.09921875 0.153125
16 0.29375 0.42421875 0.125 0.171875
16 0.3859375 0.56015625 0.2171875 0.2078125
16 0.4078125 0.65859375 0.078125 0.1078125
16 0.615625 0.7609375 0.18671875 0.18359375
16 0.59609375 0.9484375 0.04453125 0.09921875
16 0.54296875 0.46875 0.09609375 0.1046875
16 0.625 0.590625 0.2 0.15859375
16 0.72578125 0.5125 0.11015625 0.19609375
16 0.64765625 0.4625 0.11484375 0.134375
16 0.6015625 0.29375 0.19609375 0.2109375
16 0.71015625 0.2140625 0.08671875 0.12421875
16 0.6609375 0.05859375 0.046875 0.109375
16 0.5625 0.059375 0.08125 0.11796875
16 0.421875 0.26640625 0.2234375 0.509375