16 0.12578125 0.6671875 0.1234375 0.0828125
16 0.13671875 0.925 0.1484375 0.15
16 0.23359375 0.746875 0.18828125 0.15078125
16 0.03828125 0.7453125 0.07578125 0.1328125
16 0.36484375 0.8828125 0.11484375 0.140625
16 0.4265625 0.94296875 0.06328125 0.1140625
16 0.37109375 0.959375 0.0953125 0.08125
16 0.40859375 0.49765625 0.17109375 0.37734375
16 0.43515625 0.728125 0.15078125 0.15859375
16 0.60390625 0.53828125 0.1171875 0.23203125
16 0.58203125 0.6578125 0.14609375 0.21796875
16 0.58125 0.825 0.10390625 0.18359375
16 0.63203125 0.93046875 0.08125 0.13828125
16 0.7453125 0.9015625 0.18203125 0.196875
16 0.8 0.646875 0.11640625 0.2265625
16 0.79609375 0.4921875 0.1078125 0.19609375
16 0.61796875 0.31171875 0.1453125 0.23046875
16 0.546875 0.08984375 0.24375 0.1796875
16 0.8265625 0.11484375 0.10546875 0.19921875
16 0.94296875 0.18828125 0.084375 0.2703125
16 0.98671875 0.18671875 0.0265625 0.19140625
16 0.92578125 0.9375 0.1484375 0.125