16 0.5 0.5 1 1
16 0.05234375 0.24375 0.09375 0.15703125
16 0.1046875 0.1890625 0.04609375 0.10078125
16 0.1703125 0.0625 0.109375 0.125
16 0.3421875 0.36875 0.49296875 0.3046875
16 0.08828125 0.5875 0.1546875 0.19296875
16 0.3453125 0.821875 0.28828125 0.26015625
16 0.3484375 0.571875 0.2984375 0.2609375
16 0.71796875 0.5765625 0.2140625 0.22109375
16 0.784375 0.77265625 0.234375 0.25703125
16 0.9234375 0.60546875 0.15234375 0.2828125
16 0.7359375 0.3484375 0.17890625 0.25625
16 0.8796875 0.32578125 0.21328125 0.30234375