16 0.1296875 0.19453125 0.259375 0.1234375
16 0.19765625 0.3171875 0.16875 0.103125
16 0.3578125 0.37109375 0.18359375 0.17109375
16 0.6578125 0.1515625 0.20078125 0.096875
16 0.5234375 0.34921875 0.1125 0.10390625
16 0.6234375 0.3265625 0.15625 0.20859375
16 0.87421875 0.28359375 0.1421875 0.1453125
16 0.86484375 0.353125 0.17109375 0.08984375
16 0.9625 0.36875 0.075 0.096875
16 0.909375 0.184375 0.18046875 0.12890625
16 0.575 0.51640625 0.103125 0.08359375
16 0.40078125 0.58046875 0.20625 0.1375
16 0.415625 0.6828125 0.328125 0.14140625
16 0.4984375 0.784375 0.13046875 0.10078125
16 0.21015625 0.790625 0.07890625 0.09609375
16 0.396875 0.85703125 0.3109375 0.15234375
16 0.68125 0.66953125 0.08984375 0.08828125
16 0.784375 0.76015625 0.13515625 0.12421875
16 0.93125 0.7796875 0.1375 0.178125
16 0.76015625 0.6109375 0.115625 0.109375
16 0.81328125 0.5046875 0.15703125 0.1359375
16 0.94921875 0.55 0.0984375 0.1359375