16 0.2453125 0.1515625 0.07578125 0.10390625
16 0.44609375 0.1125 0.2234375 0.20078125
16 0.6015625 0.3734375 0.096875 0.10390625
16 0.6921875 0.20703125 0.1578125 0.1765625
16 0.82734375 0.3796875 0.3453125 0.27734375
16 0.1359375 0.47578125 0.21171875 0.23203125
16 0.23828125 0.62734375 0.1140625 0.1359375
16 0.32578125 0.79296875 0.1203125 0.1875
16 0.41640625 0.71171875 0.10625 0.1546875
16 0.3546875 0.4859375 0.27734375 0.31484375
16 0.5890625 0.54609375 0.31484375 0.30859375
16 0.6359375 0.8375 0.09609375 0.13203125
16 0.878125 0.62890625 0.24375 0.203125
16 0.92109375 0.76875 0.103125 0.11953125
16 0.89296875 0.91875 0.0640625 0.11015625
16 0.95 0.21640625 0.1 0.103125