16 0.05234375 0.434375 0.1046875 0.2875
16 0.0265625 0.7765625 0.053125 0.21796875
16 0.175 0.54921875 0.10078125 0.38203125
16 0.23671875 0.271875 0.12421875 0.26328125
16 0.22109375 0.8203125 0.084375 0.13046875
16 0.25703125 0.934375 0.1484375 0.13125
16 0.1 0.9140625 0.13515625 0.15234375
16 0.36171875 0.65234375 0.11875 0.29453125
16 0.4140625 0.91171875 0.09296875 0.16796875
16 0.49140625 0.628125 0.09453125 0.6
16 0.590625 0.37890625 0.065625 0.4421875
16 0.5828125 0.89375 0.1734375 0.2125
16 0.64765625 0.54375 0.18203125 0.5765625
16 0.7296875 0.92578125 0.071875 0.1484375
16 0.846875 0.5640625 0.30625 0.64296875
16 0.925 0.12109375 0.0984375 0.2421875
16 0.7390625 0.08828125 0.18671875 0.17578125
16 0.57578125 0.06328125 0.109375 0.12578125
16 0.46328125 0.11953125 0.0875 0.2390625
16 0.3875 0.07265625 0.1015625 0.1453125