16 0.5578125 0.06796875 0.30546875 0.13515625
16 0.28046875 0.2046875 0.31875 0.1765625
16 0.18671875 0.384375 0.24375 0.18828125
16 0.0953125 0.5546875 0.190625 0.22421875
16 0.23359375 0.678125 0.1375 0.096875
16 0.30234375 0.890625 0.4609375 0.19765625
16 0.81484375 0.81015625 0.2234375 0.1640625
16 0.75625 0.56875 0.146875 0.11328125
16 0.678125 0.50546875 0.15078125 0.08359375
16 0.665625 0.37890625 0.11015625 0.13125
16 0.48828125 0.37421875 0.20390625 0.2078125
16 0.4703125 0.5859375 0.1671875 0.2875
16 0.61484375 0.72890625 0.0796875 0.06328125
16 0.51796875 0.77578125 0.0828125 0.06875
16 0.87421875 0.54921875 0.14609375 0.3796875
16 0.571875 0.24609375 0.15390625 0.1328125
16 0.303125 0.6 0.08046875 0.08671875
16 0.19609375 0.540625 0.11328125 0.05703125