16 0.14765625 0.0796875 0.1953125 0.159375
16 0.26328125 0.2703125 0.17734375 0.25859375
16 0.4234375 0.22109375 0.2015625 0.39140625
16 0.69140625 0.23125 0.23359375 0.34921875
16 0.92421875 0.2546875 0.1515625 0.41171875
16 0.6484375 0.59375 0.24140625 0.2328125
16 0.875 0.60390625 0.25 0.2921875
16 0.4359375 0.64453125 0.16953125 0.140625
16 0.3328125 0.80703125 0.09921875 0.171875
16 0.25234375 0.62265625 0.1328125 0.21953125
16 0.1265625 0.8484375 0.1484375 0.16953125
16 0.0765625 0.5328125 0.08359375 0.12109375
16 0.56796875 0.7796875 0.11953125 0.125