16 0.2484375 0.10546875 0.0796875 0.08828125
16 0.3265625 0.06640625 0.03203125 0.0859375
16 0.4015625 0.03125 0.07734375 0.06171875
16 0.5140625 0.14765625 0.05 0.09140625
16 0.44375 0.2109375 0.06640625 0.0890625
16 0.17734375 0.26171875 0.10234375 0.0828125
16 0.27421875 0.3671875 0.14296875 0.1609375
16 0.20546875 0.52265625 0.128125 0.14375
16 0.29921875 0.55078125 0.1046875 0.1953125
16 0.38984375 0.5671875 0.07890625 0.13359375
16 0.5546875 0.56484375 0.26875 0.1703125
16 0.48671875 0.4484375 0.11015625 0.11796875
16 0.60390625 0.37890625 0.06953125 0.15390625
16 0.484375 0.3140625 0.07578125 0.10859375
16 0.3921875 0.34375 0.184375 0.178125
16 0.584375 0.26953125 0.07890625 0.11875
16 0.81015625 0.228125 0.07578125 0.1078125
16 0.85703125 0.83828125 0.0515625 0.08046875
16 0.96328125 0.73984375 0.0734375 0.115625
16 0.4640625 0.91953125 0.078125 0.08125
16 0.596875 0.959375 0.078125 0.08125