16 0.02734375 0.04375 0.05390625 0.0875
16 0.109375 0.12109375 0.11640625 0.16875
16 0.07109375 0.25 0.1171875 0.1328125
16 0.19609375 0.07734375 0.08671875 0.1234375
16 0.196875 0.1640625 0.0765625 0.0828125
16 0.2796875 0.121875 0.084375 0.1515625
16 0.134375 0.49609375 0.13984375 0.19375
16 0.13671875 0.6953125 0.06796875 0.12265625
16 0.04453125 0.78203125 0.08828125 0.13203125
16 0.30078125 0.64765625 0.11796875 0.1296875
16 0.2171875 0.41328125 0.0703125 0.1734375
16 0.2765625 0.3609375 0.078125 0.11015625
16 0.34921875 0.4859375 0.096875 0.17734375
16 0.45078125 0.63125 0.075 0.1234375
16 0.4515625 0.82109375 0.153125 0.17109375
16 0.5921875 0.7734375 0.09140625 0.15625
16 0.7140625 0.81015625 0.06953125 0.12265625
16 0.53203125 0.62265625 0.08984375 0.1609375
16 0.5484375 0.5109375 0.05 0.109375
16 0.61875 0.553125 0.0765625 0.128125
16 0.596875 0.39453125 0.04375 0.0859375
16 0.69765625 0.425 0.0703125 0.07734375
16 0.81484375 0.45 0.0796875 0.13984375
16 0.78359375 0.54140625 0.08359375 0.12421875
16 0.7921875 0.653125 0.08515625 0.09921875
16 0.775 0.3515625 0.08671875 0.12578125
16 0.840625 0.31953125 0.05390625 0.10078125