16 0.32890625 0.15390625 0.12578125 0.16640625
16 0.35078125 0.45 0.1125 0.15859375
16 0.16953125 0.70703125 0.07109375 0.09609375
16 0.05703125 0.05390625 0.0609375 0.1078125
16 0.50390625 0.08125 0.11875 0.1625
16 0.63515625 0.29296875 0.0984375 0.1421875
16 0.72578125 0.28515625 0.05703125 0.09609375
16 0.628125 0.51015625 0.0609375 0.12265625
16 0.59140625 0.52734375 0.06484375 0.0609375
16 0.85625 0.8109375 0.23359375 0.30390625
16 0.75234375 0.1015625 0.0953125 0.15625
16 0.87890625 0.1390625 0.11640625 0.20546875
16 0.91953125 0.3140625 0.07109375 0.115625