16 0.109375 0.32109375 0.04921875 0.103125
16 0.1921875 0.3609375 0.0859375 0.0921875
16 0.209375 0.440625 0.11484375 0.10859375
16 0.16328125 0.5828125 0.12265625 0.2640625
16 0.30078125 0.61015625 0.1671875 0.2515625
16 0.35703125 0.50625 0.11015625 0.21640625
16 0.4921875 0.49765625 0.1703125 0.12421875
16 0.55859375 0.36484375 0.11640625 0.13671875
16 0.65 0.35 0.08125 0.18671875
16 0.7015625 0.5734375 0.09609375 0.22265625
16 0.58515625 0.5515625 0.125 0.2546875
16 0.6625 0.696875 0.04296875 0.078125
16 0.14921875 0.8796875 0.2984375 0.2296875