16 0.1390625 0.4984375 0.11484375 0.2109375
16 0.06796875 0.76015625 0.13515625 0.16640625
16 0.25546875 0.71484375 0.28359375 0.22109375
16 0.18046875 0.86953125 0.175 0.1203125
16 0.4953125 0.3328125 0.29609375 0.22421875
16 0.7453125 0.45 0.18515625 0.1671875
16 0.51640625 0.6296875 0.21953125 0.2234375
16 0.5453125 0.8125 0.15859375 0.1546875
16 0.35546875 0.92421875 0.3890625 0.15078125
16 0.4578125 0.1609375 0.11640625 0.15
16 0.60546875 0.0921875 0.184375 0.1265625
16 0.8578125 0.1109375 0.196875 0.221875
16 0.9609375 0.3421875 0.078125 0.22421875