16 0.22734375 0.471875 0.1921875 0.21640625
16 0.415625 0.5109375 0.0890625 0.09375
16 0.58984375 0.4328125 0.21953125 0.1078125
16 0.78125 0.35859375 0.4375 0.20859375
16 0.509375 0.71875 0.190625 0.10859375
16 0.66015625 0.9265625 0.2421875 0.146875
16 0.37578125 0.9390625 0.2546875 0.121875
16 0.1359375 0.7296875 0.271875 0.27890625
16 0.89921875 0.7015625 0.2015625 0.15390625
16 0.04765625 0.37265625 0.09453125 0.1109375
16 0.209375 0.14765625 0.221875 0.25390625
16 0.36328125 0.24609375 0.14765625 0.12890625
16 0.52109375 0.1234375 0.43046875 0.22109375
16 0.8890625 0.09375 0.221875 0.128125
16 0.85703125 0.26328125 0.13671875 0.11171875
16 0.565625 0.03671875 0.184375 0.0734375
16 0.075 0.20390625 0.1234375 0.07890625