16 0.58828125 0.24375 0.11640625 0.2125
16 0.47109375 0.20234375 0.14140625 0.14765625
16 0.4375 0.08203125 0.140625 0.1640625
16 0.72890625 0.12109375 0.41953125 0.24140625
16 0.95546875 0.31171875 0.08828125 0.1859375
16 0.959375 0.6875 0.08125 0.134375
16 0.6453125 0.90703125 0.35234375 0.1859375
16 0.38203125 0.72734375 0.2328125 0.2328125
16 0.1890625 0.7 0.2875 0.23828125
16 0.07421875 0.56015625 0.1484375 0.19921875
16 0.0625 0.39921875 0.125 0.153125
16 0.14296875 0.296875 0.140625 0.215625
16 0.48515625 0.57265625 0.1546875 0.2484375
16 0.61953125 0.4484375 0.1875 0.23203125