16 0.6625 0.11875 0.0953125 0.1453125
16 0.740625 0.359375 0.22265625 0.275
16 0.884375 0.32421875 0.1421875 0.28125
16 0.9328125 0.2046875 0.134375 0.19375
16 0.9484375 0.59921875 0.103125 0.21328125
16 0.15234375 0.89140625 0.3046875 0.2171875
16 0.3984375 0.7171875 0.18515625 0.25703125
16 0.5484375 0.79765625 0.11875 0.178125
16 0.5515625 0.91640625 0.2046875 0.1671875
16 0.18046875 0.54375 0.1375 0.196875
16 0.4796875 0.3984375 0.2984375 0.4296875
16 0.275 0.4578125 0.1609375 0.2734375
16 0.24765625 0.6859375 0.171875 0.2109375