16 0.3046875 0.384375 0.16328125 0.27578125
16 0.965625 0.309375 0.06875 0.17265625
16 0.58828125 0.28671875 0.10234375 0.19140625
16 0.5515625 0.44375 0.0765625 0.1203125
16 0.6546875 0.5 0.1109375 0.15703125
16 0.77265625 0.68828125 0.18828125 0.16484375
16 0.9734375 0.59375 0.05234375 0.134375
16 0.86328125 0.07421875 0.121875 0.1484375
16 0.50546875 0.9140625 0.1609375 0.13984375
16 0.4453125 0.5984375 0.10390625 0.1859375
16 0.51484375 0.259375 0.09921875 0.1109375
16 0.428125 0.26171875 0.0765625 0.121875
16 0.51796875 0.08125 0.11484375 0.1625
16 0.3234375 0.125 0.07421875 0.13515625
16 0.13828125 0.21640625 0.17265625 0.2609375
16 0.1484375 0.71796875 0.09140625 0.1546875
16 0.19296875 0.59609375 0.04140625 0.1203125
16 0.28515625 0.73203125 0.0765625 0.10234375
16 0.171875 0.06484375 0.13125 0.1296875
16 0.24375 0.11875 0.07578125 0.13359375