16 0.07734375 0.31875 0.0640625 0.1203125
16 0.10625 0.5484375 0.075 0.134375
16 0.234375 0.60703125 0.1703125 0.20703125
16 0.3625 0.48828125 0.078125 0.203125
16 0.23203125 0.85234375 0.11015625 0.28984375
16 0.47421875 0.7296875 0.184375 0.53984375
16 0.69140625 0.853125 0.22734375 0.16796875
16 0.66484375 0.62421875 0.1484375 0.23828125
16 0.76796875 0.625 0.1140625 0.26171875
16 0.89296875 0.68671875 0.11328125 0.14765625
16 0.67734375 0.42265625 0.0953125 0.1546875
16 0.73203125 0.26796875 0.09921875 0.128125
16 0.84765625 0.4109375 0.09765625 0.221875
16 0.96015625 0.48046875 0.0796875 0.18828125