16 0.4890625 0.5375 0.14296875 0.23046875
16 0.5890625 0.81875 0.09453125 0.228125
16 0.70703125 0.903125 0.0515625 0.14296875
16 0.65078125 0.48671875 0.05625 0.1734375
16 0.6 0.18984375 0.0421875 0.15703125
16 0.65546875 0.2671875 0.06875 0.23046875
16 0.721875 0.2125 0.06875 0.18984375
16 0.77421875 0.09140625 0.0546875 0.1828125
16 0.8125 0.2921875 0.07734375 0.2484375
16 0.37421875 0.36796875 0.0546875 0.14765625
16 0.32890625 0.54609375 0.03671875 0.178125
16 0.2875 0.63046875 0.0578125 0.1390625
16 0.234375 0.2484375 0.0359375 0.13359375
16 0.284375 0.34453125 0.0640625 0.190625
16 0.3484375 0.2140625 0.07265625 0.15546875
16 0.4015625 0.2015625 0.046875 0.20859375
16 0.28046875 0.1046875 0.0609375 0.1859375
16 0.23046875 0.146875 0.07421875 0.1484375
16 0.14296875 0.3453125 0.0734375 0.25078125
16 0.0890625 0.55078125 0.059375 0.215625
16 0.15546875 0.659375 0.0578125 0.1390625
16 0.1453125 0.8609375 0.0890625 0.140625
16 0.03515625 0.90390625 0.0703125 0.1921875