16 0.121875 0.071875 0.24296875 0.13203125
16 0.0359375 0.22578125 0.071875 0.07734375
16 0.20078125 0.22578125 0.14140625 0.1265625
16 0.328125 0.3625 0.12109375 0.159375
16 0.26015625 0.58203125 0.18828125 0.1390625
16 0.0703125 0.56796875 0.140625 0.4140625
16 0.159375 0.81484375 0.0984375 0.128125
16 0.31640625 0.93125 0.2171875 0.1375
16 0.48984375 0.9265625 0.1609375 0.14609375
16 0.42578125 0.746875 0.1375 0.190625
16 0.5796875 0.74453125 0.1578125 0.32734375
16 0.6796875 0.78125 0.121875 0.275
16 0.70234375 0.94375 0.08359375 0.11171875
16 0.81640625 0.85625 0.15078125 0.2875
16 0.90703125 0.6828125 0.18515625 0.2421875
16 0.97421875 0.86953125 0.0515625 0.2265625
16 0.81328125 0.52734375 0.17578125 0.1109375
16 0.85546875 0.32109375 0.06953125 0.12265625
16 0.74453125 0.3109375 0.10703125 0.1484375
16 0.94296875 0.35703125 0.11328125 0.37421875
16 0.92265625 0.06328125 0.0921875 0.1265625
16 0.81796875 0.08515625 0.0859375 0.10859375
16 0.559375 0.22890625 0.2484375 0.2890625
16 0.5375 0.47421875 0.17734375 0.26796875
16 0.29765625 0.0296875 0.1234375 0.059375