16 0.06953125 0.284375 0.04765625 0.11015625
16 0.02109375 0.50078125 0.0421875 0.1171875
16 0.07734375 0.44375 0.09140625 0.08828125
16 0.096875 0.65546875 0.0984375 0.1109375
16 0.165625 0.8296875 0.06796875 0.10078125
16 0.284375 0.91640625 0.0734375 0.08671875
16 0.5265625 0.8875 0.14921875 0.15078125
16 0.565625 0.76328125 0.06796875 0.09765625
16 0.7796875 0.7453125 0.23828125 0.2828125
16 0.41875 0.7265625 0.2765625 0.28046875
16 0.5421875 0.575 0.18671875 0.2140625
16 0.2828125 0.53125 0.22890625 0.2796875
16 0.2359375 0.328125 0.2140625 0.18203125
16 0.33671875 0.11875 0.08359375 0.11796875
16 0.503125 0.05625 0.134375 0.11171875
16 0.5484375 0.2671875 0.215625 0.2125
16 0.7140625 0.209375 0.16484375 0.19296875
16 0.85078125 0.21171875 0.15078125 0.19765625
16 0.7953125 0.471875 0.409375 0.29375
16 0.725 0.08984375 0.2625 0.1796875