16 0.35546875 0.28125 0.1703125 0.18984375
16 0.62421875 0.1921875 0.12890625 0.12734375
16 0.81953125 0.1375 0.11328125 0.13984375
16 0.59765625 0.49140625 0.07265625 0.10390625
16 0.53203125 0.5890625 0.1046875 0.11484375
16 0.25625 0.490625 0.09609375 0.10234375
16 0.3234375 0.58515625 0.10625 0.14609375
16 0.31171875 0.72734375 0.109375 0.1078125
16 0.43203125 0.8453125 0.13828125 0.11015625
16 0.19609375 0.79375 0.14609375 0.17109375
16 0.2328125 0.90703125 0.1453125 0.14140625
16 0.084375 0.5703125 0.12265625 0.14609375
16 0.05546875 0.87265625 0.11015625 0.1671875
16 0.1296875 0.16953125 0.07578125 0.08515625