16 0.2875 0.11796875 0.2234375 0.20546875
16 0.05078125 0.675 0.08671875 0.1828125
16 0.20859375 0.93046875 0.09921875 0.1125
16 0.27578125 0.69296875 0.06328125 0.19609375
16 0.31953125 0.80078125 0.06328125 0.084375
16 0.4078125 0.95625 0.09375 0.0875
16 0.55703125 0.8890625 0.0640625 0.1171875
16 0.6453125 0.89609375 0.06875 0.12421875
16 0.7234375 0.96328125 0.07578125 0.0734375
16 0.38984375 0.5 0.04453125 0.08515625
16 0.41640625 0.61875 0.08515625 0.18359375
16 0.446875 0.35 0.08203125 0.12734375
16 0.47890625 0.46484375 0.096875 0.1484375
16 0.5546875 0.359375 0.053125 0.1078125
16 0.59375 0.24609375 0.0703125 0.16875
16 0.67890625 0.35 0.10859375 0.20625
16 0.72734375 0.62109375 0.065625 0.1546875
16 0.79765625 0.39296875 0.10078125 0.29296875
16 0.85390625 0.621875 0.059375 0.140625
16 0.91640625 0.5109375 0.0765625 0.17890625
16 0.94375 0.31640625 0.0875 0.16640625
16 0.890625 0.03359375 0.0625 0.0671875
16 0.975 0.015625 0.05 0.03125
16 0.9125 0.8671875 0.0375 0.1