16 0.11953125 0.4640625 0.07578125 0.159375
16 0.2828125 0.3953125 0.22265625 0.178125
16 0.26875 0.5484375 0.19140625 0.10859375
16 0.2734375 0.6984375 0.10625 0.1125
16 0.25234375 0.8484375 0.34140625 0.2671875
16 0.47734375 0.575 0.1375 0.165625
16 0.63359375 0.6875 0.10234375 0.17421875
16 0.7609375 0.69765625 0.0921875 0.14140625
16 0.584375 0.8765625 0.2078125 0.1828125
16 0.884375 0.88203125 0.23046875 0.2359375
16 0.5859375 0.46171875 0.1796875 0.25
16 0.7671875 0.39921875 0.20390625 0.2703125
16 0.55703125 0.1875 0.10703125 0.18046875
16 0.57578125 0.040625 0.0609375 0.08125
16 0.71328125 0.14609375 0.13359375 0.1578125
16 0.89375 0.1 0.2125 0.2
16 0.8640625 0.30390625 0.23828125 0.21875
16 0.91640625 0.66328125 0.1671875 0.2234375
16 0.05078125 0.0640625 0.1015625 0.12734375