16 0.36484375 0.24921875 0.05234375 0.125
16 0.23359375 0.3953125 0.1390625 0.16640625
16 0.184375 0.4890625 0.13203125 0.1125
16 0.15 0.69375 0.15546875 0.23671875
16 0.37265625 0.71484375 0.075 0.1390625
16 0.2640625 0.81953125 0.065625 0.10078125
16 0.6234375 0.51640625 0.10859375 0.153125
16 0.759375 0.44140625 0.10703125 0.153125
16 0.85625 0.35390625 0.075 0.165625
16 0.93125 0.28125 0.04453125 0.103125
16 0.796875 0.86015625 0.159375 0.13984375
16 0.66015625 0.8515625 0.06328125 0.11171875
16 0.6171875 0.68828125 0.153125 0.16796875