16 0.29375 0.10546875 0.1359375 0.18046875
16 0.51875 0.1796875 0.15703125 0.16015625
16 0.225 0.38125 0.11875 0.18515625
16 0.0546875 0.6046875 0.08671875 0.10546875
16 0.28828125 0.85 0.20703125 0.278125
16 0.4328125 0.7078125 0.1609375 0.440625
16 0.509375 0.4765625 0.12890625 0.18828125
16 0.63828125 0.71640625 0.1546875 0.25546875
16 0.7046875 0.5390625 0.11328125 0.2984375
16 0.859375 0.39453125 0.18046875 0.41015625
16 0.75546875 0.03828125 0.16953125 0.0765625
16 0.56015625 0.028125 0.1078125 0.05625
16 0.96328125 0.17734375 0.0734375 0.175